559.2572021484375 721.6911010742188
647.4373168945312 508.0187072753906
569.2540283203125 554.0661010742188
417.7068176269531 663.7059936523438
575.11474609375 550.4903564453125
556.8355712890625 564.9932250976562
638.44091796875 512.3816528320312
455.8366394042969 639.7666015625
400.03790283203125 679.0801391601562
576.91943359375 554.165283203125
608.7536010742188 674.1170043945312
611.2875366210938 526.3786010742188
427.03668212890625 659.5435791015625
559.2076416015625 559.6083374023438
418.2265930175781 669.1990966796875
609.6979370117188 532.3264770507812
507.74371337890625 607.5616455078125
572.0241088867188 712.2756958007812
630.8440551757812 514.3164672851562
407.9950256347656 671.58935546875
618.7992553710938 524.0516967773438
528.4486694335938 594.5684814453125
588.2299194335938 47.471683502197266
656.2249145507812 509.782470703125
366.609619140625 705.6049194335938
414.3243713378906 671.47119140625
615.1663208007812 526.4321899414062
552.0061645507812 566.7845458984375
419.47186279296875 115.66642761230469
666.67919921875 505.9933166503906
387.7024230957031 687.7904052734375
372.98712158203125 356.33026123046875
688.4381103515625 495.9136657714844
583.9888305664062 549.5503540039062
497.1253356933594 621.80517578125
517.1124877929688 329.8208923339844
696.1653442382812 493.7147216796875
382.30474853515625 692.1752319335938
271.4167785644531 209.5335693359375
533.0056762695312 380.57391357421875
464.166015625 361.9009704589844
218.68055725097656 434.1263122558594
359.9713439941406 364.1728210449219
564.5647583007812 170.71217346191406
642.6594848632812 578.0327758789062
466.2494812011719 637.979248046875
480.1023864746094 228.46324157714844
767.2637939453125 477.026123046875
101.30109405517578 402.7559814453125
359.9713439941406 364.1728210449219
423.85107421875 361.3135986328125
487.58917236328125 198.96566772460938
520.5697021484375 383.4006652832031
189.2671356201172 432.7004089355469
355.3965148925781 710.5770263671875
590.551025390625 546.794921875
194.2903594970703 403.29583740234375
458.711181640625 106.03963470458984
642.8545532226562 510.9411926269531
408.8481140136719 123.77764129638672
480.9326171875 631.9967651367188
477.36016845703125 343.47650146484375
309.8458557128906 305.56488037109375
401.5441589355469 675.4930419921875
504.97747802734375 616.1340942382812
608.6156616210938 677.5499267578125
362.3653564453125 361.2781982421875
603.7100830078125 683.1920166015625
625.8826904296875 24.58807945251465
468.1209411621094 381.8197937011719
558.1780395507812 286.3063659667969
271.1304931640625 324.8154296875
189.2671356201172 432.7004089355469
601.1477661132812 538.6513671875
536.7072143554688 288.8630676269531
623.7738647460938 665.4122314453125
203.6435546875 414.15411376953125
352.0861511230469 318.4556579589844
378.1551818847656 365.6179504394531
471.51080322265625 379.66461181640625
497.4513854980469 623.9205322265625
566.435302734375 300.46759033203125
567.6942138671875 557.572265625
623.6625366210938 521.7869262695312
339.9936218261719 721.9331665039062
584.9375610351562 697.0894775390625
536.5944213867188 377.362548828125
624.5567626953125 119.26558685302734
528.2288818359375 74.13337707519531
528.181884765625 336.83648681640625
542.0201416015625 370.85089111328125
302.32037353515625 322.8536376953125
537.0249633789062 276.86529541015625
391.00103759765625 344.26568603515625
396.6663513183594 351.6949768066406
571.05224609375 705.2098999023438
531.0243530273438 385.5797119140625
551.98486328125 571.5358276367188
368.6476745605469 358.8134460449219
480.0477294921875 221.61807250976562
377.2654724121094 323.4270935058594
235.06040954589844 365.4114074707031
487.4590148925781 284.1237487792969
585.9414672851562 543.792236328125
358.417236328125 367.5549011230469
463.1805419921875 99.45366668701172
212.7421112060547 406.8117370605469
446.21466064453125 354.7121887207031
240.3979034423828 384.2669982910156
426.3121643066406 665.0309448242188
465.08721923828125 384.3299865722656
309.654052734375 350.9524230957031
273.1767578125 412.75225830078125
215.06886291503906 429.67156982421875
598.5894165039062 40.92582702636719
496.90301513671875 353.0712890625
591.8662109375 337.7629699707031
309.8458557128906 305.56488037109375
266.3111877441406 211.5057373046875
405.7332763671875 675.665283203125
207.61158752441406 324.1282958984375
566.435302734375 300.46759033203125
113.06989288330078 211.38836669921875
233.61801147460938 368.3592834472656
516.107666015625 386.58544921875
477.6920471191406 230.21572875976562
261.9544982910156 336.4728088378906
470.7884521484375 219.28074645996094
303.4249572753906 384.3017272949219
578.2857055664062 305.7821044921875
434.6507873535156 655.5032958984375
429.8499755859375 329.8396301269531
463.02587890625 387.659423828125
625.8826904296875 24.58807945251465
352.1678466796875 715.6029663085938
499.6357727050781 619.465576171875
311.3595275878906 313.9544372558594
378.1551818847656 365.6179504394531
626.4306640625 349.7138671875
101.30109405517578 402.7559814453125
598.2723388671875 691.7574462890625
450.33697509765625 301.9450378417969
473.6202087402344 101.01470184326172
735.2376708984375 490.9010009765625
415.36505126953125 330.5852355957031
501.31939697265625 399.0565490722656
229.5767059326172 230.10641479492188
501.8199157714844 223.14195251464844
18.77374839782715 389.73956298828125
527.5145263671875 93.52902221679688
619.8211669921875 30.96396827697754
467.5069274902344 236.73143005371094
592.0934448242188 688.1098022460938
175.89825439453125 425.0765686035156
676.1693725585938 629.6290893554688
570.5657348632812 73.51110076904297
468.8278503417969 270.8229675292969
14.078548431396484 393.4790344238281
568.416259765625 271.97265625
584.9375610351562 697.0894775390625
335.28564453125 331.7293395996094
480.1023864746094 228.46324157714844
501.8199157714844 223.14195251464844
175.20956420898438 168.44265747070312
455.22955322265625 96.01702117919922
347.8889465332031 258.96575927734375
524.8473510742188 343.1414489746094
354.822265625 308.1025695800781
267.727783203125 318.98553466796875
288.2806396484375 352.5212707519531
499.3664855957031 90.34115600585938
374.6965637207031 370.6722412109375
211.276611328125 425.62982177734375
590.280029296875 145.4650421142578
547.3699951171875 371.6673583984375
378.5663757324219 257.8480224609375
189.2671356201172 432.7004089355469
234.82122802734375 385.43896484375
315.6655578613281 308.0847473144531
292.7279357910156 351.4493103027344
399.808837890625 351.0349426269531
374.46868896484375 362.885009765625
497.8572692871094 322.9898376464844
606.75390625 31.181528091430664
354.0046691894531 203.98388671875
193.97503662109375 429.64495849609375
199.45181274414062 138.72779846191406
250.45054626464844 315.2246398925781
347.8889465332031 258.96575927734375
574.78857421875 704.55859375
484.2973937988281 255.0796661376953
277.4247131347656 418.2362060546875
209.29730224609375 129.1698760986328
403.2582092285156 319.1029968261719
695.3547973632812 562.7469482421875
477.1111145019531 59.758670806884766
381.0954895019531 162.17752075195312
291.5640869140625 336.19268798828125
786.0830688476562 497.8282165527344
540.3941040039062 303.9406433105469
469.4014587402344 103.47803497314453
518.9471435546875 227.84828186035156
696.890869140625 533.5602416992188
233.08721923828125 344.7228698730469
671.6286010742188 172.993896484375
216.5629425048828 135.44456481933594
200.97683715820312 411.87225341796875
611.0612182617188 351.759033203125
353.4112854003906 323.07891845703125
213.86753845214844 320.5650329589844
526.206298828125 347.61846923828125
297.56182861328125 208.7952880859375
669.8939208984375 639.656494140625
300.03729248046875 293.0893249511719
51.21885681152344 336.5438232421875
496.7151184082031 192.8233642578125
768.384765625 622.1090698242188
517.7028198242188 608.1336669921875
257.1442565917969 348.4259338378906
137.01638793945312 373.9604797363281
445.62921142578125 358.5626525878906
466.2762756347656 321.9317321777344
624.8165283203125 292.1180419921875
581.54931640625 173.89865112304688
483.52850341796875 627.443359375
621.8904418945312 343.8834533691406
361.0862121582031 346.24298095703125
459.9198303222656 237.13050842285156
497.8536071777344 84.088134765625
592.9947509765625 41.02532196044922
476.57452392578125 105.50225830078125
345.0184631347656 359.725830078125
343.0888366699219 323.1415710449219
477.6920471191406 230.21572875976562
715.95458984375 559.0130004882812
222.23477172851562 368.9928283691406
250.45054626464844 315.2246398925781
301.8186950683594 342.8492431640625
452.26251220703125 102.40540313720703
370.0963439941406 307.9175109863281
386.95452880859375 301.5680236816406
390.8933410644531 147.6414337158203
137.7676239013672 347.53240966796875
72.87535858154297 51.12419128417969
520.3661499023438 404.3551330566406
139.66554260253906 191.68499755859375
279.2033996582031 344.5089111328125
449.6681823730469 357.20166015625
366.2164306640625 369.08514404296875
604.8836669921875 202.8114776611328
250.7120819091797 331.5397644042969
581.2574462890625 53.148048400878906
601.4780883789062 563.5230712890625
186.56423950195312 365.394775390625
520.2449340820312 344.78314208984375
643.0994262695312 376.138916015625
493.42315673828125 394.13592529296875
474.67071533203125 307.40191650390625
335.28564453125 331.7293395996094
484.3110046386719 707.79345703125
738.1725463867188 593.0604858398438
238.45570373535156 357.7008056640625
161.8672332763672 172.97659301757812
573.5525512695312 586.5487060546875
240.3979034423828 384.2669982910156
60.31052017211914 238.78041076660156
630.3191528320312 115.902099609375
628.2448120117188 135.6191864013672
533.990478515625 70.86724853515625
91.84774017333984 319.6699523925781
702.9108276367188 561.2737426757812
448.9175720214844 278.31103515625
532.9507446289062 597.3450927734375
94.97479248046875 218.5437469482422
213.72576904296875 136.0679931640625
454.65087890625 331.9873962402344
353.08013916015625 285.20758056640625
261.073974609375 112.90143585205078
535.72314453125 184.8779754638672
139.83688354492188 186.89158630371094
212.8760223388672 345.7869873046875
223.6256561279297 152.79373168945312
711.65771484375 208.02662658691406
387.55999755859375 246.51841735839844
241.8751220703125 65.18241882324219
59.819862365722656 254.98187255859375
254.30160522460938 352.4271240234375
305.1304931640625 336.1612548828125
564.6106567382812 345.6327209472656
771.0803833007812 56.20503234863281
327.9057922363281 284.6052551269531
543.42919921875 215.94606018066406
505.1886901855469 424.8465576171875
194.1591033935547 384.2192687988281
720.5741577148438 573.1442260742188
442.8662109375 117.5989761352539
347.0626525878906 162.3780059814453
591.6837158203125 345.3975524902344
758.204833984375 68.59648895263672
304.9114990234375 201.2662811279297
417.99359130859375 266.1895751953125
427.0406494140625 118.13032531738281
301.8186950683594 342.8492431640625
774.7819213867188 362.5860595703125
333.8919982910156 604.8807983398438
659.5928344726562 651.7015991210938
580.0933837890625 58.04904556274414
554.2022094726562 63.08863067626953
366.2550048828125 48.51445007324219
306.61541748046875 388.32464599609375
185.38458251953125 358.2306823730469
225.0471649169922 138.99916076660156
662.6846923828125 348.0281066894531
349.5040588378906 178.22433471679688
590.1109619140625 696.7693481445312
463.6941833496094 225.0271759033203
379.719970703125 359.9612731933594
60.87864303588867 503.9182434082031
545.890869140625 269.55572509765625
17.13134765625 393.66180419921875
218.71559143066406 131.68048095703125
355.65869140625 46.30344009399414
686.11865234375 494.96771240234375
327.3426208496094 278.85052490234375
56.35620880126953 463.80255126953125
668.9159545898438 283.8301696777344
554.6253662109375 19.377626419067383
366.2550048828125 48.51445007324219
132.83226013183594 451.1361999511719
14.966742515563965 289.5072021484375
432.1833801269531 5.826321125030518
642.5931396484375 121.27671813964844
366.2164306640625 369.08514404296875
157.7042236328125 286.46636962890625
301.0398864746094 377.8459167480469
664.2959594726562 644.9365234375
225.0471649169922 138.99916076660156
369.5607604980469 286.7241516113281
668.9159545898438 283.8301696777344
602.6971435546875 280.44989013671875
237.53689575195312 131.44943237304688
283.1131896972656 85.29356384277344
353.6221618652344 709.8701171875
622.52880859375 379.9245300292969
365.0008239746094 349.3741455078125
694.31494140625 581.6881713867188
50.4825553894043 371.55047607421875
621.729736328125 266.6574401855469
642.6145629882812 132.92388916015625
61.71429443359375 385.2061767578125
574.4464721679688 557.6878662109375
431.6645812988281 87.95621490478516
253.0830535888672 364.4689636230469
662.6846923828125 348.0281066894531
562.6773681640625 366.4256591796875
491.0672912597656 202.5279541015625
740.70849609375 464.05902099609375
427.1008605957031 692.0068359375
348.35467529296875 77.9486312866211
768.753173828125 501.92034912109375
89.6745834350586 492.0062561035156
500.8679504394531 402.59649658203125
354.5899353027344 298.080078125
644.8074951171875 694.5371704101562
480.0477294921875 221.61807250976562
630.1207885742188 22.016157150268555
249.97120666503906 360.5621643066406
649.43798828125 657.8497314453125
372.62579345703125 159.29104614257812
210.4200897216797 191.30572509765625
583.9210815429688 212.71652221679688
110.28986358642578 102.85478210449219
59.41746139526367 184.58660888671875
546.7981567382812 576.8328857421875
273.2154541015625 132.59031677246094
127.85009765625 84.33806610107422
627.2083740234375 307.24798583984375
550.4146728515625 172.6177520751953
433.9151306152344 94.84691619873047
780.3112182617188 507.2777099609375
690.2991943359375 59.47589874267578
653.841552734375 207.3401336669922
585.578125 334.4891357421875
771.2784423828125 42.64897537231445
186.13856506347656 392.57025146484375
519.613037109375 40.87782669067383
358.9368896484375 202.09396362304688
656.4465942382812 308.0678405761719
784.5265502929688 612.5714721679688
394.37725830078125 356.12237548828125
459.9198303222656 237.13050842285156
388.6723937988281 277.9833679199219
508.5135498046875 82.22408294677734
149.96856689453125 125.48389434814453
254.25279235839844 396.79156494140625
693.3512573242188 537.189453125
156.39134216308594 170.38441467285156
161.66754150390625 427.4027404785156
533.9537353515625 401.7391662597656
571.933349609375 599.3015747070312
183.8423614501953 245.78282165527344
723.54736328125 48.08966064453125
179.43162536621094 415.1438293457031
56.55903625488281 59.06180191040039
31.9926815032959 157.92405700683594
201.70103454589844 406.4724426269531
675.0641479492188 562.4713745117188
108.49262237548828 416.14910888671875
152.9449005126953 99.83358001708984
747.5358276367188 148.91708374023438
588.8010864257812 216.31533813476562
668.0228881835938 330.89849853515625
112.99292755126953 343.6911315917969
728.5770874023438 344.395263671875
631.1817626953125 701.4657592773438
715.599609375 559.6139526367188
704.9096069335938 70.4599609375
260.3697509765625 365.39166259765625
689.7411499023438 569.83642578125
407.164306640625 679.625
24.083148956298828 339.56781005859375
452.9791564941406 272.8771667480469
246.37405395507812 340.48333740234375
470.7884521484375 219.28074645996094
138.22506713867188 262.3265380859375
556.7015380859375 577.0280151367188
108.20130157470703 260.5558166503906
650.688720703125 7.985024452209473
280.01458740234375 329.59930419921875
136.73394775390625 485.73577880859375
631.01171875 696.6179809570312
283.9491271972656 81.0554428100586
438.2798156738281 685.3058471679688
338.98468017578125 186.6089630126953
583.2715454101562 16.52752113342285
474.67071533203125 307.40191650390625
694.08837890625 187.65457153320312
572.177978515625 280.60235595703125
127.11808776855469 334.3424377441406
336.59075927734375 289.50762939453125
617.9793701171875 620.1760864257812
516.026611328125 396.3304443359375
488.4981994628906 721.9330444335938
90.05280303955078 235.8530731201172
273.001220703125 205.20602416992188
50.861854553222656 198.85202026367188
276.1045837402344 428.2003173828125
501.8199157714844 223.14195251464844
554.6253662109375 19.377626419067383
513.9345092773438 398.8877868652344
83.61259460449219 339.9631042480469
605.6909790039062 281.9060974121094
14.078548431396484 393.4790344238281
658.8161010742188 547.3157958984375
680.5596313476562 613.5037231445312
430.1338195800781 715.1609497070312
491.783203125 358.0068664550781
744.1554565429688 297.881103515625
595.8619384765625 56.227577209472656
54.659915924072266 204.23504638671875
120.13990020751953 336.1912841796875
365.4577941894531 379.7986755371094
154.1097869873047 414.3927917480469
440.4100341796875 8.757545471191406
179.2506103515625 222.14527893066406
714.4826049804688 205.31100463867188
418.5617370605469 22.32659912109375
679.2694091796875 196.43846130371094
52.8219108581543 363.28961181640625
623.9249267578125 167.69911193847656
94.93102264404297 82.91151428222656
477.48651123046875 233.52635192871094
776.1519165039062 537.866943359375
90.05280303955078 235.8530731201172
80.11051177978516 105.8299331665039
139.4682159423828 162.36334228515625
674.060791015625 336.23480224609375
788.6409912109375 48.277828216552734
210.5484619140625 123.57650756835938
449.6681823730469 357.20166015625
37.487117767333984 272.78900146484375
743.8870239257812 187.8350830078125
398.0850830078125 311.81048583984375
756.587646484375 503.4080505371094
368.43243408203125 117.14482879638672
771.728759765625 479.3529357910156
129.4054718017578 140.8647003173828
765.89697265625 56.40446853637695
228.0265655517578 345.9696044921875
510.7651062011719 248.9071807861328
759.5103759765625 484.9863586425781
340.8900451660156 334.2470703125
543.450439453125 296.5638122558594
113.43167114257812 219.03121948242188
734.1315307617188 69.15177154541016
95.90702819824219 431.5707702636719
281.8196105957031 204.51107788085938
56.55903625488281 59.06180191040039
310.14111328125 338.4223327636719
388.92779541015625 696.5819702148438
581.8934936523438 630.0792846679688
502.236328125 42.32365798950195
740.8223876953125 170.4873504638672
256.86370849609375 48.70115661621094
632.1502075195312 597.7642822265625
129.12966918945312 309.59881591796875
758.1954345703125 530.8592529296875
365.30975341796875 160.86749267578125
59.819862365722656 254.98187255859375
780.048828125 64.73596954345703
466.303466796875 369.93341064453125
448.9175720214844 278.31103515625
702.5270385742188 206.16331481933594
27.73436737060547 271.2591247558594
516.026611328125 396.3304443359375
286.3247985839844 345.9562683105469
284.5761413574219 320.278564453125
542.2025146484375 581.7378540039062
520.5697021484375 383.4006652832031
203.6435546875 414.15411376953125
604.2177734375 261.6080017089844
490.8287353515625 369.1042785644531
123.7381591796875 336.109375
696.4078369140625 96.82182312011719
501.87615966796875 634.5819091796875
501.31939697265625 399.0565490722656
679.9262084960938 140.20933532714844
100.95521545410156 202.3743438720703
139.91078186035156 74.849365234375
48.09038162231445 88.94560241699219
319.9258117675781 68.65731048583984
463.4387512207031 264.7445983886719
704.0657348632812 89.07613372802734
711.9848022460938 497.79254150390625
285.8671875 326.82147216796875
133.38754272460938 256.4200134277344
707.1087646484375 547.855224609375
218.78152465820312 205.1191864013672
393.0285339355469 79.47029876708984
210.4200897216797 191.30572509765625
339.4320983886719 50.0734748840332
626.2421875 140.82498168945312
748.8428955078125 207.5807342529297
522.2080688476562 427.1643371582031
195.0664520263672 363.877197265625
436.2322998046875 346.38812255859375
232.37350463867188 201.75453186035156
355.9187927246094 268.2897033691406
136.98678588867188 302.5231018066406
47.09516143798828 355.7294616699219
327.5652160644531 89.47159576416016
660.2890625 556.3916625976562
57.32719802856445 362.9713134765625
18.018291473388672 295.16082763671875
400.6449279785156 234.87835693359375
104.25214385986328 62.80492401123047
317.8060302734375 161.02455139160156
104.89523315429688 132.38087463378906
347.34417724609375 273.91253662109375
533.875 317.30340576171875
770.025146484375 493.12200927734375
320.3575134277344 124.08374786376953
136.73394775390625 485.73577880859375
750.601318359375 73.00287628173828
558.1780395507812 286.3063659667969
156.35240173339844 67.7822036743164
154.6242218017578 289.03863525390625
320.7435302734375 76.14210510253906
672.8750610351562 657.2047119140625
631.95263671875 317.83673095703125
580.8917846679688 62.314144134521484
496.97308349609375 657.4976806640625
671.3218994140625 530.6195678710938
166.10958862304688 165.07101440429688
417.99359130859375 266.1895751953125
257.0785827636719 313.1653137207031
670.9841918945312 527.0167236328125
466.2762756347656 321.9317321777344
436.2322998046875 346.38812255859375
167.94883728027344 154.5663604736328
384.9522399902344 290.341552734375
568.659912109375 609.114013671875
276.1045837402344 428.2003173828125
314.34222412109375 290.156005859375
627.1331176757812 695.2760009765625
55.51905822753906 147.5133514404297
279.0964660644531 325.5122985839844
738.8499145507812 509.700439453125
362.8020935058594 287.9250183105469
152.051513671875 97.59288787841797
638.8021850585938 131.87513732910156
54.41579055786133 186.15313720703125
347.64385986328125 138.93386840820312
724.98095703125 490.45440673828125
101.01192474365234 135.09085083007812
695.4331665039062 650.4465942382812
568.659912109375 609.114013671875
198.8450469970703 352.77069091796875
111.42655944824219 64.94116973876953
488.1870422363281 630.9913940429688
674.4823608398438 236.1151123046875
575.400146484375 606.747314453125
175.89825439453125 425.0765686035156
665.470947265625 659.1866455078125
667.5310668945312 313.6434631347656
59.95370101928711 142.5364532470703
629.7836303710938 295.8441467285156
748.8428955078125 207.5807342529297
163.1001434326172 167.81692504882812
81.66374206542969 186.0361785888672
751.0489501953125 77.13534545898438
125.34772491455078 206.54464721679688
19.43936538696289 158.21864318847656
509.3569641113281 222.92327880859375
407.6719055175781 69.5566635131836
338.98468017578125 186.6089630126953
144.47340393066406 41.72559356689453
536.3596801757812 17.69968605041504
232.45994567871094 56.036136627197266
291.650146484375 88.59764862060547
669.1339721679688 306.3927001953125
675.9404296875 329.182861328125
112.78401947021484 130.3137664794922
475.4490051269531 399.7554626464844
664.2959594726562 644.9365234375
176.57566833496094 108.04612731933594
647.3865356445312 670.4195556640625
545.4089965820312 648.8895874023438
747.5358276367188 148.91708374023438
241.8751220703125 65.18241882324219
123.7381591796875 336.109375
609.3364868164062 42.09573745727539
380.3622741699219 402.48773193359375
671.3218994140625 530.6195678710938
233.4005889892578 381.5680236816406
60.87864303588867 503.9182434082031
235.32252502441406 331.7397766113281
295.72552490234375 397.2356262207031
558.6451416015625 74.47510528564453
605.6045532226562 684.629638671875
247.60292053222656 99.24176025390625
653.1870727539062 556.5560302734375
191.5010528564453 18.77290153503418
95.06218719482422 134.79441833496094
681.3242797851562 537.217041015625
653.0525512695312 240.6210174560547
268.9149169921875 411.1609191894531
378.5663757324219 257.8480224609375
501.8495178222656 680.2293701171875
734.5973510742188 132.1548309326172
494.9215087890625 265.80780029296875
612.7120971679688 321.85015869140625
420.3768310546875 341.48504638671875
488.1870422363281 630.9913940429688
485.5027770996094 680.782958984375
25.15103530883789 72.47923278808594
781.8909912109375 70.79542541503906
142.87437438964844 111.59480285644531
628.2448120117188 135.6191864013672
83.48389434814453 48.11787033081055
311.91473388671875 153.3564910888672
283.25244140625 190.46636962890625
93.16206359863281 4.587625026702881
409.860595703125 709.5723266601562
216.88601684570312 429.59674072265625
124.44027709960938 94.46537780761719
358.0863342285156 279.7511291503906
625.710205078125 686.43212890625
723.6158447265625 83.5816879272461
104.04839324951172 219.1689453125
351.0283203125 266.1137390136719
79.98576354980469 294.755615234375
154.6242218017578 289.03863525390625
675.414794921875 268.0914611816406
187.10934448242188 260.88311767578125
126.60237884521484 481.93109130859375
410.61566162109375 69.2139892578125
624.5567626953125 119.26558685302734
124.87254333496094 223.00392150878906
550.8582153320312 670.0968017578125
673.3411865234375 693.9385986328125
15.121100425720215 468.97662353515625
76.19185638427734 165.42152404785156
688.2924194335938 678.5284423828125
143.6236114501953 21.36963653564453
649.510498046875 136.01129150390625
708.9481201171875 212.40753173828125
392.69757080078125 24.006986618041992
11.189194679260254 229.270751953125
116.73602294921875 423.7150573730469
748.6197509765625 57.0215950012207
534.6731567382812 683.4682006835938
82.20455932617188 125.42816925048828
200.1851043701172 133.0278778076172
122.00347900390625 250.54684448242188
147.1902618408203 143.99957275390625
65.07109069824219 95.48050689697266
309.573974609375 92.08815002441406
315.6655578613281 308.0847473144531
603.636474609375 721.6094970703125
56.75828552246094 143.75225830078125
523.9199829101562 627.408203125
727.1683959960938 95.5486831665039
264.3521423339844 46.68147659301758
209.29730224609375 129.1698760986328
158.6834259033203 75.39891815185547
388.92779541015625 696.5819702148438
75.69339752197266 489.008544921875
330.0704345703125 551.6459350585938
173.99696350097656 242.7122039794922
129.91549682617188 250.83375549316406
20.106735229492188 513.2162475585938
709.9759521484375 494.3468017578125
471.9284362792969 228.64535522460938
673.4121704101562 76.40579223632812
474.4573059082031 230.4093017578125
639.5532836914062 584.9614868164062
210.26686096191406 430.775634765625
764.9485473632812 52.15735626220703
245.30438232421875 63.70620346069336
726.616455078125 506.6022644042969
668.1436157226562 578.9130859375
150.86351013183594 76.84705352783203
210.47027587890625 375.33868408203125
532.50830078125 314.2198486328125
540.3667602539062 605.8982543945312
659.313720703125 207.84877014160156
772.6452026367188 505.7328796386719
264.1104431152344 356.6434020996094
763.0620727539062 496.09442138671875
577.4189453125 69.25518798828125
663.4909057617188 694.4194946289062
638.7249145507812 660.0186157226562
734.5973510742188 132.1548309326172
489.3101806640625 297.2293701171875
673.4121704101562 76.40579223632812
212.8760223388672 345.7869873046875
715.5530395507812 216.46466064453125
30.917184829711914 174.5569610595703
659.1737670898438 138.02003479003906
127.62643432617188 64.71630859375
533.875 317.30340576171875
472.1114196777344 305.6605224609375
644.7037963867188 10.545631408691406
770.36376953125 51.356266021728516
658.1925659179688 673.7550048828125
613.5843505859375 140.1957244873047
344.0338439941406 20.788158416748047
770.36376953125 51.356266021728516
98.08067321777344 39.97467803955078
614.517578125 234.04598999023438
50.79555892944336 487.1709289550781
108.20130157470703 260.5558166503906
94.8746566772461 153.00747680664062
321.2635803222656 293.2804260253906
390.0872497558594 305.5062561035156
511.16766357421875 285.9379577636719
4.917323112487793 92.57711791992188
646.1267700195312 96.04792785644531
644.9904174804688 91.8945083618164
708.8600463867188 217.45675659179688
507.1324462890625 647.1359252929688
638.604736328125 96.6385498046875
757.7587890625 142.90956115722656
737.7705078125 545.969482421875
778.4735717773438 619.8329467773438
495.31695556640625 694.9747924804688
387.0722351074219 697.4105224609375
370.28466796875 77.07039642333984
614.0386352539062 646.99072265625
611.9037475585938 229.11529541015625
250.12457275390625 40.987918853759766
609.9221801757812 223.2300567626953
674.0825805664062 284.1189270019531
224.62646484375 30.984682083129883
771.3502197265625 528.4671020507812
87.32365417480469 325.67059326171875
523.9199829101562 627.408203125
553.5615234375 576.5123291015625
748.8428955078125 207.5807342529297
595.7268676757812 689.3286743164062
385.4986572265625 87.24697875976562
241.07589721679688 141.52352905273438
412.6043701171875 96.28850555419922
464.4633483886719 703.5823364257812
654.7915649414062 207.89964294433594
218.37217712402344 429.5046691894531
23.320276260375977 196.46429443359375
204.65501403808594 227.93345642089844
719.81640625 546.693115234375
279.2233581542969 368.6238098144531
286.64617919921875 377.5460205078125
602.7048950195312 201.24465942382812
641.7044067382812 376.0281066894531
380.9935607910156 128.83441162109375
97.84671783447266 279.24627685546875
55.74208068847656 355.674072265625
589.2652587890625 244.83599853515625
329.5620422363281 16.044769287109375
260.36834716796875 320.1818542480469
60.78664779663086 304.6589660644531
489.6290588378906 359.9965515136719
708.9517822265625 209.32521057128906
104.4692611694336 461.36151123046875
93.98646545410156 130.1464080810547
321.85748291015625 90.46737670898438
212.23638916015625 17.834897994995117
179.89332580566406 268.7140808105469
120.5159683227539 89.75294494628906
33.19083786010742 319.447265625
545.4089965820312 648.8895874023438
718.269775390625 82.509765625
550.993408203125 648.4061889648438
495.4950866699219 673.9450073242188
441.58502197265625 22.822790145874023
556.774169921875 67.94046020507812
457.6784973144531 656.777587890625
680.1182861328125 272.16400146484375
425.88348388671875 683.3458862304688
762.7821655273438 75.27835845947266
429.2267761230469 27.757183074951172
624.7824096679688 636.8388671875
24.70512580871582 276.0004577636719
254.22193908691406 357.5655212402344
649.9298706054688 123.70950317382812
702.4174194335938 601.2742309570312
652.4667358398438 126.05838775634766
230.9499969482422 32.419456481933594
347.34417724609375 273.91253662109375
183.34811401367188 136.4955291748047
611.20654296875 245.93873596191406
83.87586212158203 116.81124114990234
137.01638793945312 373.9604797363281
723.6158447265625 83.5816879272461
500.8258056640625 668.7037963867188
204.3911590576172 369.98223876953125
656.7036743164062 590.536376953125
234.9991455078125 126.20010375976562
591.6837158203125 345.3975524902344
309.28656005859375 172.2097930908203
11.852697372436523 160.3546905517578
537.0249633789062 276.86529541015625
612.3646240234375 701.3408203125
501.87615966796875 634.5819091796875
760.484375 72.13687896728516
718.6160278320312 95.76424407958984
97.01993560791016 64.86319732666016
567.3961791992188 655.9507446289062
530.0241088867188 684.4019775390625
199.04730224609375 385.2155456542969
127.62643432617188 64.71630859375
273.1767578125 412.75225830078125
69.4964828491211 95.42186737060547
32.12398910522461 186.02732849121094
415.4706726074219 691.07763671875
712.2200317382812 175.42100524902344
775.365234375 49.898956298828125
289.3760070800781 94.78319549560547
51.21885681152344 336.5438232421875
605.8531494140625 573.6585083007812
768.3776245117188 77.76862335205078
774.2647705078125 115.91024017333984
226.32672119140625 233.16014099121094
230.0697784423828 364.71441650390625
334.095947265625 41.64269256591797
140.30117797851562 40.3336296081543
556.439453125 12.125992774963379
617.1356811523438 139.56300354003906
385.67059326171875 45.0861701965332
753.4391479492188 500.48492431640625
564.7391357421875 701.2599487304688
99.07392883300781 460.4648132324219
374.6965637207031 370.6722412109375
179.64834594726562 269.92681884765625
104.25214385986328 62.80492401123047
468.4560852050781 226.29156494140625
209.27890014648438 390.0664367675781
48.09038162231445 88.94560241699219
161.1996307373047 117.74726104736328
474.03668212890625 77.80355072021484
523.9199829101562 627.408203125
71.61641693115234 344.22381591796875
78.6248550415039 474.8135070800781
397.4180908203125 13.757512092590332
627.2083740234375 307.24798583984375
440.080322265625 20.270368576049805
609.7139892578125 719.703369140625
436.2322998046875 346.38812255859375
32.048667907714844 274.9714050292969
293.4591979980469 107.37715911865234
329.5620422363281 16.044769287109375
404.7889709472656 325.82867431640625
499.4903259277344 648.882080078125
318.6535949707031 341.4220275878906
122.37763214111328 250.1982879638672
176.1181182861328 274.4717712402344
324.3241271972656 80.39923858642578
688.7056274414062 648.4403686523438
484.86431884765625 642.1875610351562
656.4465942382812 308.0678405761719
274.36834716796875 75.8957290649414
91.13612365722656 472.6110534667969
563.8529052734375 576.8750610351562
650.0869140625 86.80397033691406
706.7142944335938 175.1650390625
98.48995208740234 467.1920166015625
152.11631774902344 152.23519897460938
144.84141540527344 39.89216995239258
162.61241149902344 448.1179504394531
484.86431884765625 642.1875610351562
303.2117614746094 82.86763763427734
461.9397888183594 68.3857192993164
18.72523307800293 121.2347640991211
347.44378662109375 324.1273498535156
596.479736328125 569.4179077148438
747.53662109375 190.19309997558594
493.2169494628906 398.2779541015625
291.2749938964844 347.2115478515625
419.83001708984375 9.778881072998047
340.8900451660156 334.2470703125
607.4310913085938 18.94273567199707
211.648681640625 59.2527961730957
79.98814392089844 133.690673828125
310.4154052734375 79.16221618652344
91.1026382446289 118.51326751708984
557.3519287109375 25.065603256225586
575.805908203125 650.6533203125
592.795654296875 700.8748779296875
485.5027770996094 680.782958984375
393.3886413574219 307.87005615234375
591.99658203125 44.896236419677734
500.8679504394531 402.59649658203125
594.4256591796875 546.9308471679688
200.46499633789062 118.29029846191406
688.2198486328125 653.90625
115.457763671875 23.938884735107422
124.47941589355469 210.6252899169922
148.53038024902344 415.5646667480469
256.86370849609375 48.70115661621094
125.4813003540039 104.71678161621094
661.5233764648438 676.5595092773438
486.3186340332031 686.7337646484375
381.38775634765625 94.67730712890625
560.5946655273438 49.212982177734375
292.17364501953125 16.012765884399414
196.70419311523438 94.58544158935547
150.1149444580078 51.59511947631836
780.3869018554688 77.93152618408203
660.6460571289062 142.5926513671875
523.7290649414062 377.5875549316406
257.5339660644531 77.78060913085938
175.7670440673828 435.7046813964844
308.0946350097656 14.755729675292969
212.98092651367188 414.8441162109375
577.59765625 583.3487548828125
70.33704376220703 298.9090270996094
56.56517791748047 340.5342712402344
427.1008605957031 692.0068359375
594.4256591796875 546.9308471679688
758.8850708007812 53.28071975708008
291.54632568359375 190.71255493164062
687.8408203125 671.8067626953125
638.601806640625 717.28564453125
134.27835083007812 53.47796630859375
723.2750244140625 78.88692474365234
573.54931640625 314.00372314453125
677.9486694335938 570.0836181640625
548.4071044921875 573.14306640625
644.8074951171875 694.5371704101562
44.456565856933594 208.07171630859375
776.3710327148438 503.2053527832031
727.9395141601562 62.92732620239258
736.5359497070312 495.5265197753906
93.38160705566406 122.62650299072266
407.164306640625 679.625
182.33363342285156 23.27911376953125
79.10052490234375 58.61166000366211
640.951416015625 676.2935791015625
592.447021484375 215.95901489257812
306.4476318359375 75.73882293701172
721.6817626953125 178.87684631347656
77.53947448730469 153.96759033203125
785.4213256835938 73.3182373046875
365.2540588378906 152.33392333984375
271.178466796875 348.9729919433594
370.6141052246094 529.1586303710938
657.797119140625 231.4138641357422
413.03179931640625 41.22187042236328
442.11883544921875 663.392333984375
11.341431617736816 239.9057159423828
32.95562744140625 142.99220275878906
293.677001953125 19.494970321655273
296.76654052734375 64.84051513671875
171.9175262451172 240.51063537597656
717.5303955078125 71.09175109863281
25.228864669799805 258.4452209472656
630.3306884765625 563.0569458007812
171.28932189941406 159.9290313720703
187.66552734375 399.2799987792969
497.86285400390625 693.5435791015625
416.8611145019531 41.4869499206543
530.2936401367188 26.388212203979492
60.95092010498047 18.62774658203125
431.6692199707031 688.6075439453125
117.52484130859375 78.72135162353516
342.80108642578125 49.632442474365234
590.6075439453125 212.00784301757812
76.50982666015625 220.5195770263672
271.178466796875 348.9729919433594
720.0579223632812 72.38700866699219
192.2545928955078 99.14178466796875
595.6202392578125 246.61392211914062
726.5777587890625 168.9807586669922
508.90301513671875 678.662841796875
114.88592529296875 85.00682830810547
657.797119140625 231.4138641357422
219.3818817138672 64.53583526611328
79.97750854492188 474.6475524902344
659.0313110351562 572.3860473632812
530.2936401367188 26.388212203979492
333.2967224121094 90.84386444091797
337.49560546875 47.68160629272461
612.2271118164062 691.2559814453125
175.7670440673828 435.7046813964844
287.5517272949219 177.26583862304688
545.4089965820312 648.8895874023438
342.88897705078125 25.9326114654541
632.7919921875 209.64077758789062
505.4380798339844 397.9571228027344
709.6783447265625 530.027587890625
377.61749267578125 350.927978515625
292.17364501953125 16.012765884399414
286.3247985839844 345.9562683105469
277.4247131347656 418.2362060546875
212.9641876220703 446.47943115234375
85.21661376953125 284.0548095703125
789.0618286132812 44.54094696044922
121.63729095458984 495.0821838378906
716.7432861328125 88.9369888305664
327.1964416503906 64.05938720703125
195.0664520263672 363.877197265625
69.25080871582031 111.41966247558594
656.8543090820312 157.15335083007812
302.8659973144531 88.63148498535156
706.7142944335938 175.1650390625
672.7490844726562 589.2608642578125
702.5270385742188 206.16331481933594
650.0989990234375 164.3189239501953
236.08473205566406 79.16143035888672
240.62991333007812 374.1792907714844
92.72012329101562 139.4653778076172
591.8827514648438 712.5145263671875
312.0664367675781 373.2252197265625
744.611083984375 492.306884765625
306.61541748046875 388.32464599609375
102.88178253173828 285.42218017578125
745.4187622070312 100.17974090576172
186.17840576171875 410.3100891113281
497.78594970703125 644.6001586914062
564.978515625 304.71160888671875
29.493486404418945 43.96485900878906
219.94927978515625 51.23843765258789
788.02783203125 35.283912658691406
755.583984375 79.36512756347656
49.07115173339844 454.1128234863281
265.1485290527344 366.615966796875
671.1532592773438 258.36016845703125
556.439453125 12.125992774963379
601.0756225585938 609.1393432617188
216.95668029785156 399.4429626464844
492.4361267089844 291.4087219238281
147.77745056152344 288.0859375
646.1267700195312 96.04792785644531
756.4847412109375 86.33091735839844
450.2571716308594 369.02777099609375
154.22564697265625 240.05035400390625
544.7760620117188 660.82373046875
627.5822143554688 181.09059143066406
575.9385986328125 211.49217224121094
129.58230590820312 215.20306396484375
433.90032958984375 677.0127563476562
603.7991943359375 570.49462890625
417.4725341796875 30.029356002807617
630.1046142578125 191.36192321777344
145.36831665039062 141.1035919189453
234.9991455078125 126.20010375976562
514.4019775390625 635.3438720703125
729.3969116210938 187.9285430908203
240.4390411376953 39.97482681274414
607.7511596679688 153.5140838623047
675.414794921875 268.0914611816406
641.7900390625 691.8241577148438
176.57566833496094 108.04612731933594
464.1319580078125 9.1337251663208
155.6553955078125 58.676422119140625
571.79833984375 608.2601318359375
656.8543090820312 157.15335083007812
314.21136474609375 347.1011047363281
524.7332763671875 618.0770263671875
351.0259704589844 37.051151275634766
630.033935546875 229.03477478027344
590.1950073242188 621.1409301757812
15.053346633911133 221.43948364257812
667.7769165039062 220.0208740234375
526.7335205078125 630.1737670898438
237.89976501464844 386.80419921875
730.7531127929688 519.646240234375
161.88475036621094 72.42212677001953
187.5485076904297 67.5870132446289
292.7279357910156 351.4493103027344
345.59765625 362.8472595214844
141.64219665527344 43.84831619262695
667.5436401367188 527.6826171875
87.89710998535156 186.26988220214844
558.0943603515625 15.83186149597168
782.377197265625 83.04608154296875
644.1098022460938 370.7574768066406
542.4765625 273.051513671875
145.22335815429688 477.921142578125
420.24945068359375 33.14860153198242
59.311092376708984 105.78361511230469
272.15771484375 109.92098236083984
534.9366455078125 320.3990478515625
53.120460510253906 186.31849670410156
132.44532775878906 289.64935302734375
629.1593017578125 672.5552368164062
772.1760864257812 61.33274841308594
732.77490234375 129.1153106689453
292.45892333984375 88.69032287597656
27.936527252197266 153.91571044921875
568.0420532226562 52.58883285522461
68.97418975830078 154.0176239013672
497.8402099609375 400.953125
678.065673828125 275.4496154785156
63.62512969970703 105.18223571777344
611.2576904296875 694.5399780273438
522.1881103515625 28.431272506713867
537.0249633789062 276.86529541015625
104.4692611694336 461.36151123046875
328.67645263671875 185.97975158691406
126.64672088623047 215.0096435546875
593.0595703125 715.5535278320312
166.9604949951172 123.24260711669922
53.377235412597656 378.61932373046875
633.4799194335938 347.7377624511719
329.8826904296875 54.598628997802734
48.13288497924805 57.7601318359375
577.2843017578125 45.594398498535156
735.0470581054688 504.9607238769531
507.1913757324219 692.763427734375
625.07958984375 714.4923095703125
274.36834716796875 75.8957290649414
201.2960968017578 19.131908416748047
614.09521484375 259.4761962890625
686.5578002929688 126.92963409423828
130.307373046875 234.38880920410156
377.55963134765625 122.55435943603516
652.748046875 307.30560302734375
740.0428466796875 76.87554931640625
42.97698211669922 217.31515502929688
101.82682037353516 317.14306640625
659.0029296875 196.1909942626953
145.22335815429688 477.921142578125
549.512939453125 708.6162719726562
149.64791870117188 448.2770080566406
609.8660278320312 689.1893310546875
191.2174072265625 156.04710388183594
612.3646240234375 701.3408203125
55.74208068847656 355.674072265625
179.41070556640625 427.8016052246094
699.102783203125 90.1861801147461
598.3753662109375 594.7392578125
489.1252746582031 650.8424072265625
346.9006652832031 12.047741889953613
283.1131896972656 85.29356384277344
261.5639343261719 49.94719696044922
627.3280639648438 148.044677734375
661.6463623046875 300.61724853515625
711.2365112304688 44.68867111206055
568.9913940429688 647.8343505859375
632.7796630859375 542.1970825195312
32.94145202636719 207.73976135253906
340.7644348144531 2.572169065475464
305.1143798828125 389.33355712890625
382.370361328125 32.17577362060547
394.2507019042969 84.00950622558594
683.9676513671875 657.8710327148438
297.7350158691406 145.67747497558594
507.1913757324219 692.763427734375
312.2470397949219 131.98057556152344
217.8394775390625 113.25405883789062
215.39138793945312 35.11360549926758
324.37493896484375 146.1421356201172
36.717124938964844 203.01234436035156
330.2117919921875 308.1781311035156
52.48346710205078 74.48394775390625
674.4324340820312 530.6454467773438
135.87164306640625 49.665870666503906
361.4552307128906 59.878746032714844
298.6834411621094 70.34640502929688
436.58624267578125 713.2117309570312
341.04302978515625 36.50840759277344
774.9714965820312 510.1583251953125
116.92787170410156 63.461429595947266
561.0935668945312 662.4189453125
646.4127807617188 257.5393371582031
353.7535400390625 39.05155563354492
148.4508056640625 142.8253631591797
494.44158935546875 715.7018432617188
89.6745834350586 492.0062561035156
705.9812622070312 207.015869140625
447.0264892578125 389.45965576171875
332.7310485839844 274.39947509765625
378.19677734375 285.364501953125
537.821533203125 602.4041137695312
248.90322875976562 91.20417022705078
423.7102355957031 724.619384765625
129.4054718017578 140.8647003173828
625.6621704101562 186.25038146972656
157.25889587402344 130.22299194335938
315.47882080078125 70.64154052734375
237.89976501464844 386.80419921875
168.69479370117188 261.54742431640625
321.85748291015625 90.46737670898438
85.1381607055664 308.97296142578125
673.5636596679688 687.7872314453125
667.5310668945312 313.6434631347656
496.97308349609375 657.4976806640625
726.1049194335938 109.72174835205078
303.2548522949219 106.67755126953125
250.55850219726562 3.8196542263031006
553.1129150390625 665.5617065429688
175.20956420898438 168.44265747070312
200.25230407714844 6.507916450500488
152.57850646972656 149.12669372558594
439.43109130859375 24.97364044189453
429.2267761230469 27.757183074951172
100.66214752197266 352.6778259277344
