100.29078674316406 59.206058502197266
37.18581008911133 49.96017074584961
313.2818603515625 216.50648498535156
59.908233642578125 34.565940856933594
211.13479614257812 242.1432647705078
104.17971801757812 107.2166748046875
60.05455780029297 60.02686309814453
17.002059936523438 140.21591186523438
57.543304443359375 149.52903747558594
14.910872459411621 135.99411010742188
77.99858856201172 49.031150817871094
43.671875 136.7451934814453
211.82888793945312 215.92831420898438
132.7920684814453 165.33990478515625
139.05230712890625 57.97731018066406
135.7436065673828 177.4552459716797
37.991249084472656 39.75875473022461
66.77922821044922 155.03384399414062
19.283735275268555 146.17965698242188
183.3501739501953 236.46401977539062
303.8664855957031 223.4779815673828
307.0224304199219 198.12554931640625
48.030372619628906 125.21453857421875
93.75846099853516 51.97142791748047
139.60252380371094 219.56361389160156
116.56786346435547 214.7068634033203
84.76564025878906 278.5793762207031
314.201904296875 199.11080932617188
313.2818603515625 216.50648498535156
149.28541564941406 233.36911010742188
132.3884735107422 98.4176025390625
304.7103271484375 203.87704467773438
175.13685607910156 197.71507263183594
124.33719635009766 185.64598083496094
178.297607421875 223.2588348388672
38.384029388427734 96.33350372314453
145.0619354248047 74.47720336914062
139.2054443359375 17.76951026916504
117.26663970947266 96.65068054199219
145.41896057128906 22.683454513549805
181.78208923339844 127.33708953857422
19.7455997467041 153.56622314453125
49.72297286987305 137.2964630126953
20.752328872680664 162.35289001464844
82.29127502441406 43.12394714355469
106.9048843383789 117.25918579101562
305.9341735839844 25.5063533782959
135.7436065673828 177.4552459716797
84.76564025878906 278.5793762207031
37.85729217529297 29.509124755859375
134.88754272460938 51.64933776855469
298.97137451171875 226.67233276367188
167.9860076904297 159.51588439941406
146.5554656982422 67.23104095458984
22.043285369873047 179.1689910888672
111.66278076171875 76.40158081054688
130.1289825439453 78.73870849609375
305.06329345703125 230.7130126953125
270.07379150390625 117.1665267944336
86.65911865234375 145.56629943847656
116.28363800048828 209.86549377441406
300.84808349609375 128.989501953125
265.796630859375 203.5218963623047
273.21392822265625 199.8756103515625
38.52726364135742 162.58963012695312
205.13841247558594 199.76016235351562
85.08683013916016 283.3670654296875
253.22923278808594 54.8824577331543
92.88521575927734 41.39332580566406
219.1056365966797 191.71160888671875
180.4754180908203 164.647705078125
310.8539123535156 83.96653747558594
177.51834106445312 134.6127471923828
24.88962745666504 187.00650024414062
275.53961181640625 264.0569152832031
166.4677276611328 214.92193603515625
95.9220962524414 131.3419647216797
339.97198486328125 409.94970703125
52.23747634887695 167.9898681640625
100.94405364990234 38.1095085144043
170.31956481933594 136.2595977783203
32.69641876220703 38.401512145996094
124.01900482177734 59.39043426513672
220.6781463623047 23.677391052246094
72.7407455444336 226.5408477783203
89.71966552734375 192.26025390625
299.21337890625 406.8915100097656
134.01080322265625 194.39390563964844
287.1239013671875 205.58438110351562
99.58245849609375 297.5999755859375
138.9822235107422 156.21908569335938
325.68646240234375 454.9863586425781
108.52127838134766 19.779394149780273
176.68438720703125 112.38605499267578
280.99615478515625 86.27426147460938
179.2726593017578 204.9898223876953
89.71966552734375 192.26025390625
292.0317077636719 209.35548400878906
166.02313232421875 153.1366424560547
275.0025634765625 132.88111877441406
80.187255859375 236.6330108642578
309.89105224609375 173.8067169189453
293.1822814941406 106.10830688476562
191.0714111328125 228.15048217773438
275.6780700683594 196.03440856933594
167.9860076904297 159.51588439941406
182.5511932373047 198.3982696533203
184.62826538085938 66.4841079711914
184.3705596923828 281.30584716796875
258.4760437011719 59.17554473876953
296.4559326171875 214.5175323486328
151.85595703125 173.04249572753906
150.34104919433594 158.61558532714844
331.8868713378906 108.25492095947266
50.94976806640625 160.4456787109375
172.54428100585938 153.68846130371094
115.95343017578125 121.44608306884766
319.98162841796875 248.02410888671875
153.5526885986328 162.45126342773438
307.1585998535156 30.74418067932129
211.814453125 106.79745483398438
147.21160888671875 14.088425636291504
325.68646240234375 454.9863586425781
84.15801239013672 261.1059875488281
228.18763732910156 268.07012939453125
41.698734283447266 118.77555084228516
157.87557983398438 236.9286346435547
39.624176025390625 84.04607391357422
263.7881774902344 235.59906005859375
237.51324462890625 259.0556335449219
15.058170318603516 159.9617462158203
221.19776916503906 263.8209228515625
100.32086944580078 251.0887908935547
229.7490997314453 198.98304748535156
126.64570617675781 45.19384002685547
127.20686340332031 28.28260040283203
104.6007080078125 212.8717498779297
92.27208709716797 91.35819244384766
249.97531127929688 60.50090789794922
313.687255859375 272.9803161621094
325.9029541015625 461.22198486328125
197.95538330078125 172.52001953125
82.8963394165039 201.63519287109375
116.28363800048828 209.86549377441406
219.2887725830078 200.48190307617188
211.97694396972656 120.62344360351562
152.0117645263672 134.0509490966797
313.4657287597656 30.340972900390625
186.3904266357422 118.7098388671875
317.9917907714844 459.2702941894531
15.184250831604004 208.23529052734375
100.94405364990234 38.1095085144043
326.9534912109375 257.9967041015625
246.1358184814453 160.66925048828125
8.365397453308105 140.29421997070312
75.97283935546875 107.40310668945312
193.4940185546875 219.90330505371094
180.0889434814453 170.2834930419922
222.81863403320312 257.60064697265625
246.1358184814453 160.66925048828125
27.843379974365234 206.07130432128906
6.090148448944092 80.40870666503906
59.61777877807617 217.97695922851562
73.25355529785156 160.47959899902344
271.66705322265625 167.3360595703125
297.5641784667969 99.970947265625
193.5876007080078 262.1260986328125
252.48516845703125 211.7974853515625
329.092041015625 264.2921142578125
161.5334014892578 386.333251953125
321.0682678222656 269.09954833984375
208.29428100585938 190.04869079589844
123.16558074951172 104.70724487304688
216.56993103027344 54.12873840332031
297.2177734375 361.2755432128906
98.91768646240234 180.97120666503906
258.9848937988281 465.57806396484375
268.5581970214844 263.8558349609375
205.37969970703125 127.98738861083984
54.62542724609375 109.99968719482422
194.43711853027344 203.22312927246094
76.13160705566406 236.9221954345703
81.83711242675781 155.00318908691406
288.69775390625 474.848388671875
323.6723937988281 253.14598083496094
276.3817138671875 114.82040405273438
252.99375915527344 237.6470489501953
25.87733268737793 262.0882568359375
313.687255859375 272.9803161621094
171.54721069335938 127.4370346069336
139.8055877685547 260.8760986328125
292.9454345703125 119.60327911376953
48.28608322143555 145.47305297851562
220.69342041015625 81.56108856201172
169.59494018554688 195.13101196289062
238.62342834472656 65.0736083984375
261.6668395996094 58.8035774230957
338.0310974121094 189.3915252685547
278.1095886230469 199.52325439453125
337.78839111328125 107.8799057006836
209.86868286132812 11.999455451965332
7.12607479095459 83.15128326416016
235.94821166992188 202.52500915527344
7.12607479095459 83.15128326416016
226.69322204589844 250.46038818359375
55.60392379760742 68.90293884277344
218.6002197265625 46.83552169799805
178.58096313476562 105.43054962158203
289.02313232421875 147.920166015625
18.114761352539062 21.926406860351562
201.32484436035156 296.1333312988281
174.9429931640625 125.68202209472656
308.8297424316406 37.780181884765625
152.3390655517578 264.9729309082031
335.7087097167969 43.61894226074219
159.35372924804688 100.57176208496094
111.30130767822266 213.91082763671875
138.0167999267578 203.4473876953125
176.00572204589844 244.70252990722656
25.615659713745117 214.212158203125
262.4088439941406 367.28912353515625
89.63005065917969 153.0706329345703
328.3438720703125 316.1288146972656
298.05255126953125 106.7710189819336
261.201416015625 66.22967529296875
337.5335693359375 246.23036193847656
257.07916259765625 148.4444580078125
132.49342346191406 353.4920349121094
244.88076782226562 166.69049072265625
2.3624048233032227 172.3988800048828
246.41290283203125 231.68467712402344
330.9488525390625 42.3865852355957
185.65785217285156 177.082275390625
223.48391723632812 253.35549926757812
49.01521301269531 110.31898498535156
323.0831298828125 458.61627197265625
244.35203552246094 245.31666564941406
58.344093322753906 22.560022354125977
146.12884521484375 100.75482177734375
83.826416015625 190.03822326660156
213.58387756347656 30.472326278686523
8.009773254394531 249.8480224609375
274.44647216796875 92.45838928222656
39.94644546508789 9.745243072509766
143.80296325683594 148.29429626464844
10.720257759094238 321.73779296875
277.7730712890625 71.13003540039062
133.00523376464844 204.20101928710938
140.1188201904297 399.5091552734375
252.99375915527344 237.6470489501953
24.93324089050293 148.8572998046875
321.6632080078125 237.84938049316406
39.7072639465332 75.20500183105469
229.39743041992188 139.3393096923828
317.335693359375 469.9434814453125
139.4139404296875 149.19793701171875
134.10772705078125 228.11708068847656
217.013916015625 24.655933380126953
188.16473388671875 77.86664581298828
95.40251922607422 198.42007446289062
143.80296325683594 148.29429626464844
116.50558471679688 115.72607421875
37.62845230102539 59.969818115234375
66.75059509277344 178.14146423339844
51.81319808959961 263.0657043457031
234.6921844482422 195.49832153320312
16.898698806762695 163.14707946777344
155.59324645996094 442.7259826660156
224.4793701171875 165.46141052246094
52.473854064941406 145.81304931640625
60.88287353515625 200.63412475585938
75.97283935546875 107.40310668945312
171.87188720703125 237.06170654296875
116.55830383300781 131.30569458007812
307.1585998535156 30.74418067932129
319.1944885253906 175.1324920654297
306.4532470703125 77.89276123046875
92.09815216064453 179.00137329101562
313.4657287597656 30.340972900390625
182.22108459472656 55.94780349731445
314.74127197265625 311.90142822265625
287.9803771972656 124.86578369140625
280.0625915527344 77.51498413085938
315.8148498535156 367.7366027832031
110.5843505859375 4.1038360595703125
141.4041748046875 170.46383666992188
43.81772994995117 88.67572021484375
45.219573974609375 143.03785705566406
7.872747421264648 148.56668090820312
209.23446655273438 17.59795379638672
278.40045166015625 173.92042541503906
271.45623779296875 141.07980346679688
302.17578125 167.1278533935547
324.05133056640625 234.48365783691406
131.25108337402344 229.6539764404297
238.57638549804688 321.6397705078125
112.24022674560547 151.15557861328125
144.21853637695312 88.89922332763672
174.08982849121094 138.9999542236328
54.62542724609375 109.99968719482422
257.2841491699219 365.2465515136719
148.8874053955078 62.79207992553711
252.76614379882812 306.2044677734375
146.63894653320312 260.225341796875
295.2570495605469 440.9977111816406
254.97816467285156 228.98020935058594
300.412109375 169.62037658691406
186.0111541748047 323.5117492675781
38.93777847290039 177.67019653320312
222.0851593017578 197.24595642089844
205.79794311523438 105.20682525634766
134.93045043945312 158.65826416015625
44.474769592285156 197.3898468017578
314.74127197265625 311.90142822265625
254.4929656982422 65.19178771972656
280.0476379394531 252.0327911376953
88.22256469726562 250.67849731445312
5.459414005279541 11.09026050567627
20.752328872680664 162.35289001464844
75.77359771728516 111.90194702148438
302.17578125 167.1278533935547
207.46583557128906 38.3427619934082
169.6457061767578 119.96875
93.12447357177734 240.93466186523438
158.72906494140625 185.36048889160156
320.4351501464844 257.6132507324219
45.20844268798828 208.5408477783203
170.24285888671875 263.81024169921875
246.7862548828125 258.6669921875
97.92365264892578 70.28602600097656
50.94976806640625 160.4456787109375
326.9049377441406 192.63198852539062
222.01318359375 170.93505859375
283.88836669921875 246.1942596435547
301.4962463378906 9.921128273010254
174.17880249023438 258.0028381347656
203.78140258789062 178.8296356201172
146.12884521484375 100.75482177734375
28.873682022094727 22.720975875854492
340.29217529296875 253.8457794189453
202.02235412597656 204.5572052001953
131.8466339111328 218.353759765625
218.6002197265625 46.83552169799805
295.3187255859375 161.87049865722656
340.7274475097656 386.3985595703125
308.03857421875 149.1708984375
53.51207733154297 134.48590087890625
317.52288818359375 203.54420471191406
316.41339111328125 175.52720642089844
316.43914794921875 171.64834594726562
228.13070678710938 195.19491577148438
328.0057067871094 230.8175048828125
230.34814453125 134.95327758789062
297.4917907714844 113.62948608398438
19.961013793945312 138.01559448242188
224.4793701171875 165.46141052246094
168.78306579589844 72.29722595214844
54.468292236328125 185.30654907226562
110.66079711914062 105.35614776611328
8.886565208435059 187.83056640625
328.09161376953125 202.24502563476562
241.0253143310547 53.22650146484375
306.42236328125 251.71951293945312
290.4141845703125 84.65065002441406
238.57638549804688 321.6397705078125
318.4862365722656 233.66378784179688
142.1644287109375 37.225093841552734
42.409358978271484 78.73905944824219
49.434574127197266 127.98706817626953
300.1131286621094 32.67905044555664
323.5709533691406 205.45872497558594
115.77897644042969 240.0116424560547
243.46786499023438 488.7241516113281
115.14871215820312 156.1678924560547
312.7807312011719 354.0887756347656
239.38404846191406 215.19308471679688
238.996826171875 45.81404113769531
45.054080963134766 148.00924682617188
321.4047546386719 265.8783874511719
291.2071533203125 138.11231994628906
211.70057678222656 266.6973571777344
134.93045043945312 158.65826416015625
329.1583557128906 351.00079345703125
228.61146545410156 157.97576904296875
305.843994140625 167.28628540039062
207.9306640625 112.59916687011719
143.8098907470703 261.9241027832031
216.88632202148438 21.438602447509766
130.8059539794922 59.6287727355957
110.70972442626953 32.1110725402832
143.1527862548828 14.108119010925293
42.98598861694336 264.86114501953125
173.32798767089844 205.09152221679688
177.50408935546875 141.19879150390625
163.98744201660156 209.38482666015625
128.8599090576172 197.6561279296875
279.95947265625 219.51876831054688
197.19725036621094 157.5385284423828
38.66839599609375 103.4892578125
284.7638244628906 162.55120849609375
248.6730499267578 209.8617706298828
206.9838104248047 250.22320556640625
294.53753662109375 226.14859008789062
38.93777847290039 177.67019653320312
14.193828582763672 29.686429977416992
54.53290939331055 265.4017028808594
86.22981262207031 14.102655410766602
289.92205810546875 242.54373168945312
335.6701354980469 199.0960235595703
152.0117645263672 134.0509490966797
51.82285690307617 120.06398010253906
112.24022674560547 151.15557861328125
253.52597045898438 216.0519561767578
75.64714813232422 167.91778564453125
34.65047836303711 197.20364379882812
235.5724639892578 268.47137451171875
172.1710662841797 108.34796905517578
116.19087982177734 41.722007751464844
66.98299407958984 170.89300537109375
11.286717414855957 144.7165069580078
92.46331787109375 104.82002258300781
189.8842010498047 179.7610626220703
226.8925323486328 276.1805419921875
162.45440673828125 64.64830017089844
181.43853759765625 258.2306823730469
309.47088623046875 239.46136474609375
293.8358459472656 220.345458984375
113.8715591430664 217.9758758544922
233.63461303710938 69.96830749511719
122.20050048828125 219.15579223632812
61.99271011352539 128.90570068359375
39.96875762939453 166.34893798828125
16.132966995239258 114.92875671386719
60.010860443115234 169.6660919189453
90.11341094970703 212.55931091308594
51.74970626831055 254.98497009277344
82.29127502441406 43.12394714355469
165.263427734375 241.22793579101562
268.5149841308594 320.6866149902344
179.41696166992188 48.67170333862305
129.1831817626953 296.60235595703125
310.8001708984375 166.47970581054688
246.7862548828125 258.6669921875
134.06829833984375 188.03060913085938
82.29127502441406 43.12394714355469
46.37559509277344 117.70909118652344
149.5852813720703 86.42174530029297
239.53701782226562 233.2738800048828
47.516876220703125 35.471153259277344
66.9186019897461 246.00819396972656
296.0763854980469 222.1373748779297
197.35325622558594 231.84030151367188
253.52597045898438 216.0519561767578
78.89004516601562 40.006492614746094
153.2443084716797 107.41558837890625
330.89874267578125 145.3449249267578
105.89734649658203 134.78907775878906
258.3658752441406 273.1950378417969
41.72264099121094 25.727954864501953
252.76614379882812 306.2044677734375
325.6352233886719 164.5355224609375
335.264892578125 21.94219207763672
278.40045166015625 173.92042541503906
297.55096435546875 206.88922119140625
301.5927429199219 375.1763000488281
325.5541687011719 295.575927734375
200.77244567871094 187.3507080078125
295.9953308105469 356.38916015625
137.57447814941406 197.42276000976562
207.9306640625 112.59916687011719
210.05372619628906 221.76051330566406
313.11724853515625 343.4388427734375
313.1716613769531 43.98268508911133
232.76051330566406 253.0568084716797
81.70355224609375 178.8498992919922
83.42069244384766 38.42322540283203
191.12197875976562 197.98423767089844
44.19454574584961 9.642105102539062
182.15052795410156 145.90135192871094
169.01930236816406 258.5023193359375
182.85411071777344 255.7784423828125
207.57603454589844 342.0395812988281
145.55526733398438 156.81362915039062
192.38365173339844 210.58999633789062
266.05426025390625 265.9714660644531
291.4159851074219 15.130348205566406
212.17138671875 278.24212646484375
251.5966796875 94.68074035644531
238.33412170410156 47.6473388671875
213.76419067382812 204.15335083007812
195.4097900390625 228.96812438964844
305.49896240234375 147.71395874023438
303.8664855957031 223.4779815673828
319.12750244140625 421.4607849121094
212.4522705078125 19.588157653808594
147.74395751953125 224.43951416015625
28.525306701660156 178.39962768554688
100.05223846435547 171.9274139404297
296.1583251953125 360.6572265625
224.8831787109375 184.62158203125
189.91983032226562 63.34975814819336
321.2513732910156 147.8831329345703
260.71697998046875 268.4358215332031
315.80645751953125 237.8660888671875
209.30711364746094 197.29348754882812
285.4784851074219 209.3309783935547
258.3658752441406 273.1950378417969
197.35325622558594 231.84030151367188
253.89535522460938 122.944091796875
312.7807312011719 354.0887756347656
196.41213989257812 165.68511962890625
339.58404541015625 228.35755920410156
281.5776672363281 420.9091796875
263.087890625 158.876708984375
326.4564514160156 153.0436248779297
294.42193603515625 18.163515090942383
292.5163879394531 470.4802551269531
239.04965209960938 98.92323303222656
158.72906494140625 185.36048889160156
303.7405700683594 361.43853759765625
299.5306091308594 238.15013122558594
329.9306640625 337.1657409667969
297.2177734375 361.2755432128906
89.54790496826172 228.4118194580078
49.67921829223633 116.08106994628906
265.02850341796875 124.44223022460938
215.952880859375 133.92813110351562
210.79180908203125 132.0926055908203
118.76200103759766 204.21481323242188
252.71141052246094 190.50271606445312
256.5867004394531 182.1605682373047
323.8973388671875 173.19154357910156
340.6474304199219 234.63465881347656
176.08001708984375 171.09788513183594
305.49896240234375 147.71395874023438
42.124610900878906 132.94204711914062
81.68372344970703 56.963279724121094
46.37559509277344 117.70909118652344
264.22589111328125 132.81053161621094
326.9049377441406 192.63198852539062
53.72320556640625 156.10757446289062
26.90272331237793 89.09564208984375
303.0891418457031 111.93341064453125
17.917495727539062 169.0654754638672
322.05133056640625 178.6326141357422
170.3765869140625 88.2692642211914
152.74928283691406 74.6516342163086
215.952880859375 133.92813110351562
341.1165771484375 141.62811279296875
196.39315795898438 179.41607666015625
19.961013793945312 138.01559448242188
53.51207733154297 134.48590087890625
153.1792449951172 54.16435623168945
257.1651306152344 291.2381896972656
338.47637939453125 164.23458862304688
334.3758544921875 204.3382568359375
107.41240692138672 256.70050048828125
176.08001708984375 171.09788513183594
222.33482360839844 132.84136962890625
204.04417419433594 219.0025177001953
142.00396728515625 50.542999267578125
45.11534118652344 232.50978088378906
80.75507354736328 169.09535217285156
342.6694641113281 452.06890869140625
178.0630340576172 266.1479187011719
300.5549621582031 361.0043029785156
84.20196533203125 208.97186279296875
204.04417419433594 219.0025177001953
225.60890197753906 50.02231979370117
134.50189208984375 220.7320556640625
252.169921875 253.10484313964844
181.9281768798828 106.17984771728516
149.5852813720703 86.42174530029297
31.961610794067383 157.13827514648438
62.06852722167969 102.41814422607422
53.72320556640625 156.10757446289062
296.1673889160156 455.8072509765625
59.61777877807617 217.97695922851562
293.58709716796875 422.8359375
231.99864196777344 159.51998901367188
240.6824951171875 482.19952392578125
49.42814254760742 202.51022338867188
22.278432846069336 11.241823196411133
87.90662384033203 44.875030517578125
155.4214630126953 70.04266357421875
282.6572570800781 476.04736328125
210.62254333496094 125.99439239501953
328.0036315917969 118.48027801513672
292.5163879394531 470.4802551269531
342.5672912597656 166.02130126953125
75.21665954589844 115.22846221923828
11.315979957580566 158.24195861816406
177.5169677734375 154.51060485839844
68.92108917236328 174.48802185058594
152.838134765625 218.96490478515625
124.41021728515625 191.22865295410156
341.424560546875 202.86561584472656
263.5525207519531 44.1527099609375
180.0889434814453 170.2834930419922
235.7218017578125 56.89421081542969
42.98598861694336 264.86114501953125
228.3361358642578 26.765459060668945
337.0587463378906 176.89810180664062
322.5924072265625 123.64514923095703
287.89556884765625 180.60166931152344
183.18795776367188 66.40779876708984
124.7378921508789 49.692569732666016
189.9131317138672 119.38314056396484
116.55830383300781 131.30569458007812
110.56993865966797 195.68438720703125
238.33663940429688 264.6927795410156
200.82484436035156 135.649658203125
189.09011840820312 128.807861328125
228.56619262695312 26.770545959472656
7.798925876617432 184.83432006835938
280.0625915527344 77.51498413085938
96.16773986816406 147.13778686523438
180.67507934570312 91.0528564453125
274.02783203125 77.60243225097656
17.968210220336914 188.18516540527344
36.54690933227539 155.39981079101562
26.29011344909668 120.54741668701172
310.1120910644531 265.8704833984375
329.64068603515625 165.14324951171875
185.60435485839844 142.39630126953125
100.0071792602539 191.42623901367188
325.75787353515625 343.0967102050781
157.38656616210938 200.98651123046875
159.78781127929688 199.93858337402344
104.37356567382812 200.56370544433594
218.85763549804688 300.0863037109375
293.1822814941406 106.10830688476562
44.85593795776367 181.63662719726562
48.137603759765625 186.99229431152344
205.1809844970703 123.32405853271484
286.8753967285156 201.82821655273438
34.28219985961914 198.03646850585938
4.082164764404297 304.3548583984375
52.703182220458984 66.71095275878906
147.7930450439453 263.10235595703125
238.65647888183594 51.1318359375
292.6616516113281 377.1344299316406
229.39743041992188 139.3393096923828
17.081384658813477 300.71435546875
75.61200714111328 155.46922302246094
92.23318481445312 99.048095703125
142.1146240234375 196.04006958007812
319.8255920410156 353.5847473144531
75.61200714111328 155.46922302246094
61.41706085205078 61.73615646362305
221.1553192138672 137.6195068359375
150.3873291015625 59.29294204711914
181.78208923339844 127.33708953857422
56.99030303955078 141.30828857421875
132.3624725341797 224.95225524902344
290.0815734863281 50.575077056884766
162.45440673828125 64.64830017089844
263.4864501953125 263.41796875
120.61856079101562 157.35061645507812
180.0695037841797 12.996928215026855
111.5670166015625 175.89869689941406
108.09149169921875 56.98419952392578
249.26947021484375 205.6519317626953
118.78208923339844 200.57101440429688
232.04196166992188 162.162353515625
193.48672485351562 232.79745483398438
215.22251892089844 194.3377227783203
207.22218322753906 225.673095703125
44.2630615234375 220.48910522460938
226.09181213378906 247.04058837890625
166.8003387451172 234.2173614501953
2.3624048233032227 172.3988800048828
288.94427490234375 160.57742309570312
132.3624725341797 224.95225524902344
166.7993927001953 13.408037185668945
199.9110565185547 184.20852661132812
212.29136657714844 229.39927673339844
10.872600555419922 164.9289093017578
337.80084228515625 256.70263671875
261.7806091308594 263.68402099609375
169.6457061767578 119.96875
148.4781494140625 217.35394287109375
286.8753967285156 201.82821655273438
288.94427490234375 160.57742309570312
313.8905029296875 456.58648681640625
265.6942443847656 248.1197509765625
259.3304443359375 470.2500305175781
225.3333740234375 212.16549682617188
272.9270935058594 151.4832000732422
163.98744201660156 209.38482666015625
222.4446258544922 181.32687377929688
182.15052795410156 145.90135192871094
115.77897644042969 240.0116424560547
271.7760925292969 432.529052734375
105.1651611328125 114.4169921875
336.1846923828125 259.1744079589844
43.21295928955078 73.71342468261719
106.90784454345703 197.48355102539062
120.6463394165039 54.18321990966797
161.90310668945312 71.0499038696289
319.8255920410156 353.5847473144531
187.35755920410156 166.38584899902344
284.3997802734375 425.6880187988281
18.607046127319336 30.189367294311523
335.6701354980469 199.0960235595703
81.5614013671875 173.38531494140625
255.06118774414062 125.91404724121094
214.29544067382812 40.583744049072266
281.2311096191406 74.00873565673828
304.7454833984375 81.66384887695312
6.2392377853393555 197.6691436767578
253.80322265625 270.3656311035156
155.4214630126953 70.04266357421875
47.33372116088867 129.7665557861328
82.57869720458984 54.11714172363281
188.51211547851562 159.87962341308594
142.08843994140625 161.00746154785156
337.5085144042969 250.87094116210938
106.90784454345703 197.48355102539062
150.34104919433594 158.61558532714844
227.11761474609375 266.7219543457031
144.12451171875 254.37460327148438
215.4013214111328 304.4912109375
173.28329467773438 10.78891372680664
325.75787353515625 343.0967102050781
287.25531005859375 53.65272521972656
35.003257751464844 152.20855712890625
342.4870300292969 226.5847930908203
28.507244110107422 160.5135498046875
262.48529052734375 152.4365692138672
11.76131534576416 214.3412628173828
191.0714111328125 228.15048217773438
341.79864501953125 199.0933380126953
15.654086112976074 7.008957386016846
57.83024597167969 131.93975830078125
182.3232421875 261.5749816894531
57.36103439331055 145.71510314941406
196.59597778320312 160.76336669921875
90.11341094970703 212.55931091308594
6.405406951904297 276.9063720703125
84.15801239013672 261.1059875488281
171.83523559570312 111.97168731689453
142.00396728515625 50.542999267578125
35.57823944091797 95.84696960449219
42.727989196777344 188.31536865234375
277.32647705078125 217.6895294189453
303.9837341308594 451.8520202636719
45.23435592651367 192.9469451904297
45.23435592651367 192.9469451904297
229.89028930664062 48.1384391784668
23.294797897338867 202.86888122558594
21.505046844482422 8.403355598449707
248.84176635742188 249.8468017578125
292.751220703125 77.47130584716797
271.45623779296875 141.07980346679688
149.10658264160156 252.92709350585938
180.96499633789062 94.95748901367188
275.8946838378906 189.86001586914062
144.16795349121094 58.90204620361328
160.89735412597656 68.06424713134766
243.46786499023438 488.7241516113281
41.67702865600586 13.071210861206055
338.44195556640625 270.031982421875
321.6632080078125 237.84938049316406
254.2427215576172 415.3995666503906
316.18914794921875 184.5615234375
179.41696166992188 48.67170333862305
266.0668640136719 198.55067443847656
204.04417419433594 219.0025177001953
333.6124572753906 116.0377197265625
173.28329467773438 10.78891372680664
193.1977081298828 151.66770935058594
296.1673889160156 455.8072509765625
322.0120849609375 41.40073776245117
211.30203247070312 36.79924392700195
80.38726806640625 2.4121477603912354
321.4751892089844 189.56744384765625
92.46331787109375 104.82002258300781
43.671875 136.7451934814453
303.8742370605469 211.34982299804688
217.61192321777344 196.46861267089844
193.07940673828125 169.85354614257812
341.1165771484375 141.62811279296875
35.57823944091797 95.84696960449219
281.0448303222656 118.09417724609375
191.6171875 207.13504028320312
290.4737548828125 250.4842071533203
333.65948486328125 177.22225952148438
291.4140625 198.59356689453125
317.6466979980469 263.50213623046875
315.80645751953125 237.8660888671875
283.7243347167969 93.5049819946289
274.44647216796875 92.45838928222656
304.99371337890625 151.08767700195312
149.5325927734375 57.69170379638672
244.2165985107422 28.576583862304688
273.9661560058594 171.09036254882812
234.6921844482422 195.49832153320312
26.33949851989746 151.3791046142578
222.9422149658203 36.64786148071289
157.33425903320312 93.12920379638672
281.49658203125 217.1961212158203
42.124610900878906 132.94204711914062
217.61192321777344 196.46861267089844
4.820600986480713 238.837890625
238.996826171875 45.81404113769531
263.4160461425781 206.64064025878906
75.61200714111328 155.46922302246094
284.5746154785156 99.7832260131836
154.57118225097656 257.5605773925781
264.9778137207031 147.7700958251953
128.8599090576172 197.6561279296875
54.147621154785156 114.04593658447266
291.5714416503906 455.2461242675781
301.357666015625 135.70126342773438
159.35372924804688 100.57176208496094
322.8661804199219 183.14309692382812
132.6330108642578 45.79701614379883
93.28337860107422 226.3390655517578
268.330810546875 124.59078979492188
103.47827911376953 191.5292510986328
327.7101135253906 188.48489379882812
310.89300537109375 195.05677795410156
35.003257751464844 152.20855712890625
272.8428955078125 104.01701354980469
223.48391723632812 253.35549926757812
338.0310974121094 189.3915252685547
237.03640747070312 246.37147521972656
134.06829833984375 188.03060913085938
40.60893249511719 81.8407974243164
22.51214027404785 5.152081489562988
72.23117065429688 117.20211029052734
307.7008056640625 225.7357940673828
290.4737548828125 250.4842071533203
135.13722229003906 155.64047241210938
330.82598876953125 250.65911865234375
164.47901916503906 204.1586456298828
343.03729248046875 193.38552856445312
61.79694747924805 21.638097763061523
3.978114128112793 84.71138763427734
265.16143798828125 448.4702453613281
39.15391159057617 11.333288192749023
237.9907989501953 127.56124877929688
313.11724853515625 343.4388427734375
266.0668640136719 198.55067443847656
343.0120544433594 121.10396575927734
253.9586639404297 274.1536865234375
153.179931640625 167.5592041015625
330.78411865234375 350.3258056640625
322.8661804199219 183.14309692382812
125.19845581054688 200.79653930664062
281.44342041015625 213.57017517089844
112.20697784423828 36.59282684326172
136.76470947265625 28.088489532470703
98.95865631103516 175.144287109375
44.4296989440918 146.91415405273438
227.1105194091797 57.54682159423828
303.8742370605469 211.34982299804688
184.5402069091797 171.83685302734375
66.71720123291016 46.6085319519043
100.0071792602539 191.42623901367188
21.08515739440918 52.81291961669922
218.37240600585938 187.76954650878906
10.872600555419922 164.9289093017578
270.5831298828125 221.76271057128906
321.9077453613281 82.20629119873047
182.3232421875 261.5749816894531
215.9380340576172 163.56707763671875
226.39625549316406 45.58901596069336
264.2458190917969 456.49957275390625
22.51214027404785 5.152081489562988
337.4805603027344 158.19198608398438
329.1583557128906 351.00079345703125
296.3541259765625 84.99658966064453
323.0831298828125 458.61627197265625
3.024249315261841 183.891357421875
222.9422149658203 36.64786148071289
29.14381217956543 28.40222930908203
114.49171447753906 199.06942749023438
342.5672912597656 166.02130126953125
134.92808532714844 32.38490295410156
16.450273513793945 3.898775815963745
238.996826171875 45.81404113769531
237.03640747070312 246.37147521972656
112.55632019042969 202.71751403808594
207.46583557128906 38.3427619934082
129.95973205566406 192.99118041992188
323.7966613769531 114.02737426757812
172.28399658203125 135.51156616210938
