118.01512145996094 93.93376922607422
33.62343215942383 92.24522399902344
423.4592590332031 266.53302001953125
61.94673156738281 70.23675537109375
293.87762451171875 315.6704406738281
130.10186767578125 157.94752502441406
63.786354064941406 102.18023681640625
21.42784881591797 214.53448486328125
77.47168731689453 219.51158142089844
17.97896957397461 208.7533416748047
87.27832794189453 84.85516357421875
56.19173812866211 205.87660217285156
290.3412170410156 282.43804931640625
178.81210327148438 228.9959716796875
170.60525512695312 87.91997528076172
184.13772583007812 241.82736206054688
33.31240463256836 80.1801986694336
88.2533187866211 227.6776123046875
25.42457389831543 222.35467529296875
256.1363220214844 313.6566467285156
412.8314208984375 277.1275939941406
412.9911804199219 243.5675048828125
60.05930709838867 190.66184997558594
104.94025421142578 85.64875030517578
200.6416778564453 297.7576904296875
166.1494598388672 296.02191162109375
133.89332580566406 379.8971862792969
421.3876953125 242.62330627441406
423.4592590332031 266.53302001953125
210.76605224609375 315.0530090332031
163.48704528808594 144.05531311035156
406.62158203125 251.641845703125
239.1883544921875 262.3970031738281
170.56146240234375 256.5341796875
248.9501953125 297.2629089355469
41.92582321166992 154.73460388183594
179.34678649902344 108.2351303100586
162.61962890625 34.981788635253906
147.73390197753906 139.62432861328125
172.71713256835938 39.696693420410156
236.28074645996094 171.2240447998047
26.962928771972656 232.46572875976562
62.84508514404297 205.288818359375
30.839344024658203 242.68104553222656
93.32130432128906 77.38522338867188
137.3013916015625 170.0757293701172
436.7935485839844 168.6226043701172
184.13772583007812 241.82736206054688
133.89332580566406 379.8971862792969
29.326330184936523 67.2977294921875
162.00514221191406 79.57267761230469
406.28497314453125 282.35357666015625
222.06912231445312 215.8693084716797
180.75833129882812 97.02452087402344
34.40217971801758 265.6947021484375
135.76849365234375 117.0183334350586
159.86231994628906 116.91463470458984
415.5588073730469 286.39764404296875
351.10040283203125 144.0925750732422
113.57595825195312 210.33526611328125
165.69618225097656 289.3885192871094
393.0019836425781 152.86590576171875
359.0500793457031 257.59906005859375
367.91021728515625 250.9104766845703
54.102664947509766 240.4784698486328
278.5475158691406 261.6828918457031
133.77615356445312 387.7887878417969
442.72833251953125 108.8414077758789
105.59042358398438 72.77213287353516
296.3843078613281 249.36053466796875
240.08456420898438 220.5323028564453
464.00323486328125 179.6234893798828
231.51913452148438 181.67007446289062
41.21474075317383 274.6292419433594
381.0166320800781 333.4803466796875
232.32102966308594 288.281494140625
120.43370819091797 189.58157348632812
489.05364990234375 511.7460021972656
74.3122787475586 243.19412231445312
115.29238891601562 68.69054412841797
221.2205352783203 186.35276794433594
24.131502151489258 80.23389434814453
148.21170043945312 92.9377212524414
237.95614624023438 253.0251922607422
109.93480682373047 318.230712890625
125.70694732666016 269.53106689453125
435.40997314453125 515.0167846679688
185.1742706298828 265.1383972167969
388.4996643066406 256.586669921875
156.01113891601562 402.4482116699219
183.4018096923828 216.434814453125
478.8757629394531 573.0409545898438
122.92949676513672 41.87273406982422
225.97711181640625 153.32159423828125
361.93231201171875 98.20882415771484
246.77049255371094 273.2458801269531
125.70694732666016 269.53106689453125
392.5474548339844 260.8341369628906
219.79486083984375 207.96311950683594
457.6184387207031 182.7811737060547
122.05843353271484 330.6770935058594
411.85052490234375 212.12893676757812
380.2687683105469 123.25652313232422
265.0216064453125 302.8879089355469
371.4884948730469 243.72373962402344
222.06912231445312 215.8693084716797
249.10401916503906 264.40057373046875
229.96328735351562 90.8092041015625
423.5718994140625 137.17678833007812
494.1996765136719 160.89979553222656
399.962890625 266.93450927734375
205.31857299804688 237.1378936767578
199.31280517578125 218.06741333007812
441.09515380859375 116.84485626220703
68.26618194580078 233.01837158203125
228.6824188232422 206.12466430664062
148.698486328125 175.81808471679688
437.2404479980469 306.6542663574219
206.194580078125 220.33485412597656
40.902610778808594 55.03329086303711
270.8472900390625 139.48812866210938
170.5883331298828 28.3538818359375
478.8757629394531 573.0409545898438
126.86286926269531 361.9190979003906
321.8858337402344 347.6253662109375
40.76226806640625 81.53836822509766
180.0610809326172 26.987424850463867
42.07899475097656 137.94497680664062
302.80291748046875 211.66018676757812
331.3972473144531 334.43255615234375
22.06523323059082 242.24266052246094
310.2140808105469 343.8485107421875
287.14990234375 406.96014404296875
311.0020751953125 255.8804168701172
150.21932983398438 72.70429992675781
147.81935119628906 51.386173248291016
13.253533363342285 126.91493225097656
113.08934783935547 136.97010803222656
311.8062438964844 423.0450439453125
433.7698059082031 340.8494873046875
479.8461608886719 583.3660888671875
265.9870910644531 228.32553100585938
119.50760650634766 283.525390625
165.69618225097656 289.3885192871094
297.0013427734375 262.1125183105469
120.41368103027344 172.64361572265625
198.07948303222656 184.8463134765625
470.341064453125 45.17197036743164
348.9462890625 157.19134521484375
468.79376220703125 578.0425415039062
30.439634323120117 303.5904541015625
115.29238891601562 68.69054412841797
447.8674621582031 319.3765869140625
323.661376953125 205.40257263183594
9.554388046264648 215.80892944335938
93.24580383300781 162.6967315673828
268.415283203125 292.20184326171875
241.12216186523438 227.22740173339844
315.3172607421875 332.71484375
323.661376953125 205.40257263183594
375.8940124511719 458.2407531738281
33.31240463256836 80.1801986694336
90.66641235351562 309.4368591308594
98.9377212524414 234.43736267089844
360.0416564941406 208.6667938232422
150.29641723632812 372.75506591796875
423.5718994140625 137.17678833007812
291.0941162109375 455.0072937011719
89.51067352294922 322.2459716796875
431.9693603515625 366.5145568847656
441.21124267578125 334.5293273925781
281.74676513671875 246.46453857421875
154.73190307617188 150.92459106445312
443.3515625 155.44244384765625
424.6168212890625 456.26165771484375
136.86717224121094 254.0640106201172
392.7250061035156 598.1073608398438
371.8946838378906 332.8750305175781
267.8443298339844 168.3029327392578
67.10942840576172 168.44686889648438
265.31744384765625 268.2149963378906
42.775428771972656 28.89887237548828
109.7464599609375 223.88511657714844
434.7952575683594 604.7300415039062
444.3957214355469 311.57293701171875
358.0669860839844 138.6381072998047
89.51067352294922 322.2459716796875
423.5718994140625 137.17678833007812
433.7698059082031 340.8494873046875
244.977294921875 311.1099853515625
204.6195831298828 353.1521911621094
380.60028076171875 138.65196228027344
412.63372802734375 231.42849731445312
468.97589111328125 151.50582885742188
231.10496520996094 261.5434265136719
301.34814453125 78.27298736572266
156.89625549316406 137.60755920410156
450.5762023925781 228.2240753173828
373.9456481933594 249.82138061523438
452.1378173828125 119.33771514892578
141.08448791503906 290.4237976074219
45.920921325683594 316.6754150390625
404.74127197265625 272.6840515136719
45.920921325683594 316.6754150390625
315.6160583496094 324.64495849609375
61.3990478515625 114.66179656982422
429.5472412109375 109.56339263916016
61.94673156738281 70.23675537109375
196.28848266601562 497.72296142578125
390.2395324707031 468.7929992675781
144.21347045898438 341.2294921875
225.4150390625 170.27938842773438
405.0069580078125 184.5405731201172
219.4650115966797 356.1543273925781
454.54156494140625 30.2073917388916
202.7597198486328 139.94468688964844
35.7433967590332 318.0837097167969
191.5273895263672 276.321533203125
249.2432098388672 325.6329040527344
45.7768440246582 309.66033935546875
51.260013580322266 179.1587677001953
75.47454833984375 308.1778869628906
459.9678955078125 392.3355712890625
145.0475311279297 382.0531921386719
453.93756103515625 129.2882537841797
460.6260070800781 302.0342712402344
336.76287841796875 186.9910888671875
304.4793701171875 526.0595092773438
325.5422668457031 210.73948669433594
493.3034973144531 518.0418090820312
185.2265167236328 285.3973388671875
454.82525634765625 170.1090545654297
248.14813232421875 236.93234252929688
175.95362854003906 33.772010803222656
58.724151611328125 169.84915161132812
474.7393798828125 579.8628540039062
337.53607177734375 315.35662841796875
51.880672454833984 59.77123260498047
184.87149047851562 139.84637451171875
116.6761474609375 269.2110900878906
363.3362121582031 416.7827453613281
452.1340026855469 460.9966735839844
352.9989318847656 108.33597564697266
31.26144027709961 40.483489990234375
89.24102783203125 216.67758178710938
42.46271896362305 449.54766845703125
395.55743408203125 73.35832977294922
185.9049072265625 278.58111572265625
396.8164367675781 382.2193298339844
100.20423889160156 190.80416870117188
33.182682037353516 224.69239807128906
432.6249694824219 475.1845703125
467.63330078125 279.24395751953125
189.5784912109375 207.19345092773438
470.8707580566406 594.76025390625
182.7069091796875 206.10797119140625
91.0254898071289 487.43182373046875
355.3887634277344 419.8416748046875
428.8139343261719 431.3716735839844
121.64250183105469 460.5528869628906
3.0802056789398193 607.7705078125
151.0556640625 470.61962890625
403.6081237792969 81.97993469238281
95.10660552978516 252.0700225830078
380.2946472167969 262.74383544921875
314.30438232421875 203.79727172851562
304.9468688964844 452.2056884765625
51.77400588989258 267.4937438964844
295.3891296386719 216.91725158691406
14.658724784851074 70.82260131835938
415.84918212890625 394.7327880859375
93.24580383300781 162.6967315673828
240.38121032714844 318.11285400390625
50.95301818847656 5.138046741485596
295.3891296386719 216.91725158691406
102.82820129394531 416.4737548828125
486.57757568359375 134.6421661376953
126.13037872314453 252.72964477539062
331.45086669921875 377.2974853515625
282.4195251464844 430.9980773925781
7.83445930480957 415.7839050292969
433.76519775390625 159.35324096679688
454.82525634765625 170.1090545654297
423.5718994140625 137.17678833007812
489.7435607910156 380.04254150390625
141.2253875732422 238.9738006591797
56.34119415283203 75.11769104003906
351.961181640625 472.26007080078125
11.477148056030273 228.12518310546875
53.930763244628906 413.0487060546875
370.44647216796875 216.92796325683594
170.62779235839844 166.77456665039062
73.7303237915039 96.72600555419922
467.63330078125 279.24395751953125
53.379180908203125 185.71731567382812
148.6545867919922 476.877685546875
215.9205322265625 250.82754516601562
468.3683166503906 370.2378234863281
171.1953125 452.0791320800781
67.10942840576172 168.44686889648438
487.6914978027344 457.1933288574219
471.8709716796875 564.129150390625
287.81903076171875 551.2157592773438
82.97691345214844 303.88616943359375
487.427001953125 480.3990173339844
351.0139465332031 292.07623291015625
364.46453857421875 346.0755615234375
255.15528869628906 356.87725830078125
72.14125061035156 331.2431945800781
394.2102966308594 349.41461181640625
89.27509307861328 9.13772201538086
412.0797424316406 201.1182403564453
65.53641510009766 288.2274169921875
7.83445930480957 415.7839050292969
108.20365905761719 9.26543140411377
385.6138916015625 318.8077392578125
259.230712890625 45.137115478515625
481.1390686035156 400.299072265625
330.87640380859375 363.9319763183594
93.49349975585938 168.51670837402344
103.12615203857422 303.4329528808594
477.6393737792969 272.7310791015625
202.7597198486328 139.94468688964844
57.357933044433594 260.2484130859375
158.5164794921875 461.6962585449219
103.12615203857422 303.4329528808594
70.96215057373047 301.3389587402344
151.98983764648438 289.6059265136719
83.2201156616211 275.9636535644531
63.99913787841797 264.13177490234375
60.6463508605957 247.71856689453125
410.7037658691406 473.7484436035156
295.41632080078125 210.7510528564453
389.3323669433594 308.0194091796875
24.26723289489746 204.38845825195312
323.86810302734375 28.691999435424805
273.8712158203125 235.47970581054688
136.1348876953125 234.91664123535156
13.253533363342285 126.91493225097656
11.648484230041504 364.3392639160156
378.72857666015625 533.956298828125
128.5211944580078 285.07281494140625
271.7690124511719 56.9831428527832
389.7915344238281 197.99952697753906
447.17218017578125 136.61183166503906
189.5784912109375 207.19345092773438
431.9693603515625 366.5145568847656
341.1114196777344 470.3854675292969
320.8615417480469 281.3450927734375
342.3777160644531 548.5762329101562
452.04095458984375 539.699462890625
446.1824645996094 281.8584899902344
301.3841247558594 173.59764099121094
191.0517578125 290.13134765625
471.8198547363281 404.28973388671875
33.182682037353516 224.69239807128906
236.3401641845703 404.0289001464844
426.3282470703125 555.483642578125
406.28497314453125 282.35357666015625
446.4963684082031 534.1751708984375
442.5548095703125 246.44969177246094
49.38093185424805 203.64427185058594
137.5342559814453 192.3639678955078
342.88348388671875 112.28750610351562
401.3137512207031 605.7382202148438
434.41534423828125 289.4012756347656
171.93411254882812 65.25914001464844
295.41632080078125 210.7510528564453
139.7303009033203 15.128371238708496
427.8202819824219 390.835693359375
72.30033111572266 427.28863525390625
189.50436401367188 328.61358642578125
46.82147216796875 592.2398071289062
326.2963562011719 190.61448669433594
395.30279541015625 189.1226348876953
59.744834899902344 420.96307373046875
5.21696138381958 425.9359130859375
165.43832397460938 552.2235107421875
100.1723861694336 80.14734649658203
380.5523986816406 169.82899475097656
194.4009552001953 315.613037109375
412.0797424316406 201.1182403564453
465.96527099609375 438.9358215332031
420.1112365722656 50.10677719116211
405.9084167480469 203.78643798828125
367.34271240234375 297.5556945800781
254.2803497314453 439.4449768066406
317.0586242675781 212.47525024414062
432.46026611328125 377.23919677734375
128.5428466796875 58.3072509765625
199.96218872070312 415.9066162109375
469.0487365722656 512.755859375
274.5655517578125 27.610422134399414
441.5753479003906 373.1169738769531
214.46783447265625 256.1636962890625
359.1172790527344 390.8934020996094
379.8753967285156 274.8435363769531
83.70826721191406 530.0982666015625
122.8239517211914 398.140625
365.5838623046875 314.3520202636719
334.0020751953125 268.1514892578125
410.1411437988281 89.31111145019531
113.96479034423828 369.44525146484375
248.61636352539062 87.26499938964844
440.7353820800781 389.09771728515625
426.3282470703125 555.483642578125
131.65943908691406 148.74229431152344
472.38330078125 282.9273986816406
450.3124694824219 240.6706085205078
160.91775512695312 542.9545288085938
445.18731689453125 234.30252075195312
411.85052490234375 212.12893676757812
352.0220031738281 273.756103515625
103.52958679199219 240.1953887939453
427.9684143066406 495.431640625
263.05865478515625 461.0784912109375
357.8350830078125 167.9015350341797
329.4173278808594 22.17317771911621
91.03273010253906 247.98085021972656
12.454983711242676 221.67098999023438
486.6596984863281 522.633544921875
255.69578552246094 238.18919372558594
330.01348876953125 347.7431335449219
184.1949462890625 86.69075775146484
285.6475524902344 568.0842895507812
491.1143798828125 419.1384582519531
320.1903991699219 23.778165817260742
345.7895202636719 533.8838500976562
384.05438232421875 549.3485107421875
173.7545166015625 299.6980285644531
483.1315002441406 345.2226867675781
183.18637084960938 516.2933959960938
183.4018096923828 216.434814453125
82.6857681274414 247.28074645996094
62.92583465576172 227.83848571777344
238.31199645996094 518.0127563476562
93.32130432128906 77.38522338867188
113.25578308105469 448.9563903808594
381.18170166015625 406.4007568359375
322.9848327636719 375.1058044433594
385.15673828125 371.77227783203125
430.0304870605469 461.75372314453125
233.12303161621094 136.4192657470703
437.3896179199219 521.7423095703125
287.7006530761719 492.22149658203125
146.7509002685547 295.6628723144531
187.31695556640625 122.18238830566406
386.4335021972656 95.02422332763672
141.08448791503906 290.4237976074219
265.68048095703125 368.2651672363281
323.86810302734375 28.691999435424805
265.68048095703125 368.2651672363281
338.9154968261719 280.4415588378906
203.74148559570312 361.0721435546875
193.78675842285156 151.21853637695312
350.0999450683594 391.9126281738281
232.08184814453125 66.6112060546875
399.2077331542969 427.70458984375
152.57913208007812 459.97308349609375
411.5902099609375 311.0846252441406
259.9082336425781 348.0910339355469
181.04165649414062 471.9817199707031
209.97366333007812 38.20427703857422
194.5367431640625 247.9104766845703
151.78428649902344 432.7715759277344
452.7897033691406 364.73095703125
272.9167785644531 248.09742736816406
209.71807861328125 531.94482421875
359.5821838378906 474.4618835449219
73.38213348388672 354.3866882324219
221.21713256835938 43.06397247314453
443.26953125 429.75103759765625
391.2249755859375 482.8101806640625
325.8998718261719 327.230224609375
261.0672302246094 474.25244140625
383.2516174316406 530.2667846679688
256.7867126464844 263.3092346191406
35.809635162353516 39.804203033447266
407.79681396484375 432.9444274902344
373.2587585449219 590.0580444335938
11.648484230041504 364.3392639160156
398.7346496582031 101.75395202636719
169.93505859375 511.5130920410156
144.21347045898438 341.2294921875
478.3180847167969 521.7958374023438
26.717790603637695 318.47052001953125
158.16217041015625 351.8939514160156
191.60446166992188 392.1702880859375
458.3942565917969 496.071044921875
449.66876220703125 162.20834350585938
14.837703704833984 402.40679931640625
204.0167694091797 539.1519165039062
19.80731964111328 191.22006225585938
452.1340026855469 460.9966735839844
93.76702880859375 281.0266418457031
47.52239990234375 420.86138916015625
473.30865478515625 128.28158569335938
382.0031433105469 498.9928283691406
113.32386016845703 476.7227478027344
15.072431564331055 99.68112182617188
359.0500793457031 257.59906005859375
256.5179443359375 483.44927978515625
91.0254898071289 487.43182373046875
89.24102783203125 216.67758178710938
265.0216064453125 302.8879089355469
136.79409790039062 472.7147521972656
420.05841064453125 541.5098266601562
341.3480529785156 572.4571533203125
484.4884033203125 467.8521423339844
227.3199920654297 85.65542602539062
264.5003662109375 218.2808837890625
366.2146301269531 335.4132080078125
213.00341796875 381.735107421875
472.38330078125 282.9273986816406
429.0464172363281 214.8298797607422
87.5113296508789 15.314207077026367
308.80950927734375 195.42706298828125
154.56430053710938 179.58816528320312
208.55528259277344 119.18489837646484
449.66876220703125 162.20834350585938
412.6219787597656 502.8677062988281
63.99913787841797 264.13177490234375
122.70890045166016 373.7107849121094
376.81927490234375 229.497314453125
477.655517578125 460.1781005859375
209.71807861328125 531.94482421875
235.06402587890625 160.5152587890625
178.1068878173828 501.127685546875
479.40582275390625 290.85845947265625
338.5281982421875 239.26675415039062
331.3366394042969 416.3402404785156
145.73748779296875 494.84808349609375
73.60871124267578 198.30044555664062
112.51924896240234 295.0560607910156
204.0167694091797 539.1519165039062
231.9972686767578 317.1878967285156
24.568178176879883 431.90087890625
401.7625427246094 345.3343811035156
351.0139465332031 292.07623291015625
410.7037658691406 473.7484436035156
371.4884948730469 243.72373962402344
246.58016967773438 587.2299194335938
392.4920654296875 128.2725067138672
231.1372528076172 340.7669982910156
372.5766906738281 507.5227966308594
69.28374481201172 211.02212524414062
77.02821350097656 430.94476318359375
282.4580383300781 237.6276092529297
279.78289794921875 102.81779479980469
402.9953308105469 442.40020751953125
163.48704528808594 144.05531311035156
301.34814453125 78.27298736572266
296.60418701171875 548.6202392578125
300.42242431640625 419.2285461425781
149.1863250732422 271.2237243652344
470.6868591308594 90.66651153564453
56.250492095947266 539.0842895507812
112.51924896240234 295.0560607910156
25.468883514404297 372.4006042480469
107.21031951904297 513.969970703125
176.08741760253906 350.6803894042969
471.8198547363281 404.28973388671875
63.4512825012207 329.9982604980469
469.2087097167969 600.35302734375
162.97007751464844 4.896121501922607
135.5748748779297 350.70098876953125
118.63215637207031 229.62306213378906
107.21031951904297 513.969970703125
111.46728515625 86.89472961425781
441.6316223144531 288.7014465332031
347.98797607421875 325.8671569824219
185.14488220214844 307.1451110839844
254.78302001953125 14.558772087097168
44.42715072631836 232.98924255371094
4.977720260620117 8.157666206359863
465.19000244140625 324.67852783203125
262.86212158203125 37.70071029663086
399.5289001464844 478.99072265625
329.4173278808594 22.17317771911621
253.77944946289062 158.65147399902344
491.06756591796875 582.0043334960938
432.2521057128906 65.07504272460938
476.1932678222656 265.8144226074219
336.05865478515625 461.7564392089844
191.64918518066406 99.20420837402344
377.85614013671875 591.7809448242188
388.8515625 326.44256591796875
302.73980712890625 325.12139892578125
308.80950927734375 195.42706298828125
5.261868476867676 245.1534881591797
492.0433654785156 371.16162109375
16.9132022857666 238.63116455078125
72.22618103027344 107.56521606445312
439.7088623046875 319.1171875
346.0765075683594 304.0610046386719
172.75921630859375 263.3996276855469
482.7767639160156 422.0549621582031
403.9247741699219 538.4637451171875
459.7915344238281 582.9766845703125
125.74225616455078 347.08428955078125
308.58892822265625 380.24420166015625
296.52862548828125 447.255615234375
451.9330749511719 207.6492919921875
449.6610412597656 81.45731353759766
449.0172119140625 491.4680480957031
43.23629379272461 293.6474914550781
16.358362197875977 486.37677001953125
471.8709716796875 564.129150390625
451.1531982421875 374.2691650390625
124.2696533203125 294.2281494140625
189.7105712890625 418.44989013671875
268.23553466796875 146.67025756835938
245.65692138671875 170.23199462890625
463.8502197265625 125.55653381347656
46.93332290649414 280.36053466796875
490.73223876953125 219.71209716796875
443.0600280761719 275.7206726074219
46.80906295776367 244.88912963867188
445.9833984375 455.1252136230469
303.2223815917969 513.9650268554688
43.7671012878418 301.63787841796875
31.047889709472656 186.13861083984375
407.03717041015625 412.85821533203125
41.66796875 371.99273681640625
157.1613006591797 426.51641845703125
103.56417846679688 151.79269409179688
489.5846862792969 100.6926498413086
189.7612762451172 187.65660095214844
477.29534912109375 366.3486328125
383.56488037109375 223.7548828125
314.2689208984375 389.2028503417969
487.427001953125 480.3990173339844
199.21742248535156 386.0818786621094
187.06747436523438 477.6270751953125
388.8968505859375 587.1412353515625
470.370849609375 445.6649475097656
407.08685302734375 549.0744018554688
489.17291259765625 21.65917205810547
68.04672241210938 119.28644561767578
11.594649314880371 248.4038848876953
424.3917236328125 442.29644775390625
386.4335021972656 95.02422332763672
322.9848327636719 375.1058044433594
208.8449249267578 94.2585220336914
450.8070068359375 357.82415771484375
120.43370819091797 189.58157348632812
275.0753479003906 157.8301544189453
296.55352783203125 376.7252197265625
425.4655456542969 289.4219665527344
450.04083251953125 519.2184448242188
441.21124267578125 334.5293273925781
244.16552734375 36.4329719543457
7.4834160804748535 493.76416015625
129.6421356201172 293.8309631347656
185.14488220214844 307.1451110839844
446.4963684082031 534.1751708984375
43.7671012878418 301.63787841796875
457.8276672363281 377.02069091796875
17.466175079345703 59.21182632446289
237.43008422851562 103.23381805419922
373.2587585449219 590.0580444335938
44.763187408447266 414.8918762207031
337.1345520019531 262.305419921875
365.09039306640625 462.1043395996094
341.3480529785156 572.4571533203125
393.95452880859375 38.76012420654297
184.46038818359375 542.1669311523438
366.0374450683594 305.5119934082031
204.1907958984375 59.48125076293945
355.2458190917969 573.02587890625
440.2166748046875 351.3575744628906
493.3034973144531 518.0418090820312
82.92664337158203 237.8958282470703
441.0683898925781 220.88050842285156
313.6009826660156 593.088623046875
83.53467559814453 187.0600128173828
175.82481384277344 384.3471374511719
325.0075378417969 120.65106964111328
397.93157958984375 417.8555908203125
441.5753479003906 373.1169738769531
420.05841064453125 541.5098266601562
431.4532775878906 30.646142959594727
470.370849609375 445.6649475097656
381.0972595214844 195.9208984375
164.56613159179688 344.34716796875
267.976318359375 598.5784301757812
48.8675651550293 455.3389892578125
311.3751220703125 272.792236328125
317.8232421875 300.9574890136719
254.68896484375 62.235374450683594
285.4343566894531 223.95260620117188
242.08541870117188 192.0804443359375
264.4140319824219 400.26507568359375
319.0946960449219 356.1966247558594
202.8890380859375 191.21876525878906
393.5370178222656 364.2193603515625
223.75341796875 145.01280212402344
158.5164794921875 461.6962585449219
421.14508056640625 369.9737243652344
264.5358581542969 495.4246520996094
409.38995361328125 464.54632568359375
356.8924865722656 282.8280029296875
428.2510070800781 394.4659729003906
403.6081237792969 81.97993469238281
38.664363861083984 510.4761657714844
481.91302490234375 444.5436706542969
112.03077697753906 240.56210327148438
455.2671203613281 560.08837890625
453.7889099121094 15.672733306884766
433.0105285644531 243.04299926757812
175.81716918945312 327.657958984375
352.8501892089844 345.8409423828125
352.6834411621094 338.0987243652344
474.22772216796875 500.0094909667969
241.92050170898438 352.5175476074219
213.00341796875 381.735107421875
136.79409790039062 472.7147521972656
298.19488525390625 167.12319946289062
149.1863250732422 271.2237243652344
302.03179931640625 393.49908447265625
320.62158203125 316.37823486328125
209.17758178710938 345.24029541015625
409.557373046875 334.2654724121094
62.960899353027344 273.95074462890625
359.7676086425781 505.2956848144531
355.03631591796875 155.68980407714844
46.728973388671875 227.49899291992188
305.5815734863281 548.010009765625
409.6607666015625 297.3440246582031
226.61366271972656 135.9689483642578
461.6380920410156 136.23214721679688
442.6160583496094 190.5389404296875
128.26426696777344 297.3815002441406
374.6731872558594 263.3459777832031
432.23907470703125 535.9676513671875
462.71209716796875 364.093505859375
158.1303253173828 102.50001525878906
187.31695556640625 122.18238830566406
19.12677574157715 411.4103698730469
410.7037658691406 473.7484436035156
434.1802978515625 357.10821533203125
219.40692138671875 374.5661926269531
254.36485290527344 177.20001220703125
385.04974365234375 297.23638916015625
291.7685241699219 541.7304077148438
265.9870910644531 228.32553100585938
62.81411361694336 218.47093200683594
310.1109924316406 393.9622497558594
278.7865905761719 288.62677001953125
10.77147102355957 273.34698486328125
120.63113403320312 361.5796813964844
435.40997314453125 515.0167846679688
283.2272033691406 163.0688018798828
8.000696182250977 41.68186950683594
400.585205078125 365.2611999511719
374.1277160644531 279.7409362792969
167.96737670898438 498.9481506347656
233.9346923828125 211.56854248046875
290.7629699707031 432.8326721191406
263.8083801269531 487.3411560058594
397.6103210449219 574.63037109375
218.57557678222656 121.49452209472656
308.80950927734375 195.42706298828125
52.682132720947266 372.3101806640625
151.5716094970703 444.7724304199219
427.6462707519531 356.90838623046875
219.49681091308594 68.06742858886719
358.4809265136719 249.88668823242188
300.86444091796875 402.4598388671875
490.6004943847656 168.23309326171875
351.0628967285156 135.04420471191406
375.5834045410156 429.4084777832031
151.78428649902344 432.7715759277344
89.40625762939453 330.7012023925781
309.6352233886719 563.3372802734375
281.52227783203125 55.26144790649414
353.1913146972656 234.67633056640625
14.601095199584961 469.6990966796875
120.13626861572266 238.55194091796875
305.5815734863281 548.010009765625
260.46099853515625 29.806739807128906
364.03204345703125 424.2760925292969
342.05096435546875 50.89986038208008
35.72396469116211 146.09780883789062
122.30004119873047 79.73945617675781
477.1531066894531 295.653076171875
101.12212371826172 271.5770263671875
450.80499267578125 219.6173553466797
212.46737670898438 61.246639251708984
344.9207458496094 487.5606994628906
156.19131469726562 61.074127197265625
348.7221374511719 14.254100799560547
93.21255493164062 493.4568786621094
317.8232421875 300.9574890136719
254.12757873535156 583.7545776367188
76.9766845703125 172.83099365234375
478.76666259765625 243.5478057861328
455.1610412597656 431.6756286621094
353.1913146972656 234.67633056640625
338.0806579589844 274.61614990234375
440.3209533691406 46.58584976196289
192.98680114746094 507.16473388671875
85.44031524658203 490.8554382324219
27.248910903930664 289.6091613769531
222.20867919921875 462.87518310546875
112.41043853759766 44.15618133544922
19.03781509399414 196.94107055664062
471.2556457519531 342.18109130859375
187.302001953125 107.16424560546875
155.5802001953125 284.0039978027344
63.82701873779297 159.42445373535156
435.8559265136719 560.232666015625
161.3521728515625 274.7801513671875
117.86703491210938 421.8989562988281
254.44937133789062 503.12908935546875
478.28253173828125 341.2400817871094
428.82598876953125 222.13134765625
454.49688720703125 481.1325988769531
421.14508056640625 369.9737243652344
190.58236694335938 384.5282897949219
246.9215850830078 364.2630615234375
477.85235595703125 229.93301391601562
342.2453308105469 296.7787780761719
46.728973388671875 227.49899291992188
399.73876953125 328.1399230957031
477.29534912109375 366.3486328125
455.2671203613281 560.08837890625
86.27678680419922 422.7166442871094
80.98602294921875 199.6995391845703
379.37139892578125 87.25813293457031
374.1277160644531 279.7409362792969
221.8436737060547 308.3062438964844
69.28374481201172 211.02212524414062
116.8848648071289 512.9555053710938
179.07321166992188 213.61500549316406
282.27264404296875 593.0279541015625
144.37303161621094 70.393310546875
9.374685287475586 397.9670104980469
186.49253845214844 296.61688232421875
108.03327178955078 80.98729705810547
363.9029846191406 492.97991943359375
451.1531982421875 374.2691650390625
17.054948806762695 386.68023681640625
224.64950561523438 380.7704162597656
358.4809265136719 249.88668823242188
17.28699493408203 368.9753723144531
422.42071533203125 328.35394287109375
336.9377746582031 369.42523193359375
463.7476501464844 352.5591125488281
386.48712158203125 212.3512420654297
74.16026306152344 158.1917266845703
325.479248046875 458.9721374511719
250.41905212402344 472.78790283203125
201.71768188476562 404.0739440917969
247.5071258544922 29.402204513549805
92.41548156738281 369.73809814453125
314.6843566894531 417.454833984375
11.648484230041504 364.3392639160156
216.01968383789062 19.691564559936523
268.8839416503906 275.063720703125
418.24493408203125 369.7846984863281
268.1482849121094 505.9742126464844
460.6260070800781 302.0342712402344
321.61981201171875 288.9327392578125
253.13351440429688 202.8469696044922
314.9786376953125 194.635009765625
175.81716918945312 327.657958984375
116.6761474609375 269.2110900878906
283.8641052246094 72.88330078125
216.62376403808594 552.183837890625
363.3362121582031 416.7827453613281
179.49359130859375 66.42459106445312
328.9664611816406 452.69097900390625
210.07240295410156 159.7860565185547
308.17852783203125 353.30340576171875
436.01708984375 384.46240234375
187.5736541748047 130.93577575683594
20.408782958984375 65.8644027709961
246.58016967773438 587.2299194335938
245.8576202392578 344.267333984375
426.8899230957031 606.112548828125
311.1083679199219 160.68740844726562
108.3240737915039 252.7813720703125
301.0632019042969 360.751953125
458.7489929199219 233.34205627441406
230.8391571044922 30.88807487487793
92.75626373291016 156.2312469482422
199.96218872070312 415.9066162109375
350.0999450683594 391.9126281738281
