583.4253540039062 271.79754638671875
175.51905822753906 500.1258544921875
106.8265151977539 421.9560546875
89.64909362792969 406.0400695800781
492.4887390136719 505.89996337890625
458.7928771972656 150.89125061035156
403.9783935546875 576.636474609375
602.2520751953125 288.4169006347656
472.46453857421875 166.20187377929688
182.03697204589844 503.683349609375
437.4109191894531 14.14871883392334
498.56951904296875 188.0266876220703
48.313232421875 358.9714660644531
464.9087829589844 151.82423400878906
509.0107727050781 204.99839782714844
294.58587646484375 550.5827026367188
502.099609375 75.05615234375
123.43973541259766 437.84039306640625
533.2446899414062 222.86758422851562
522.4212036132812 59.011474609375
373.1290588378906 51.052738189697266
84.8844985961914 396.4343566894531
368.2653503417969 53.92836380004883
428.1556396484375 553.1827392578125
507.90997314453125 485.04339599609375
546.8936157226562 244.14125061035156
499.47882080078125 192.13644409179688
469.9451904296875 104.66368103027344
284.0843505859375 94.67225646972656
485.7839050292969 509.47100830078125
314.5203857421875 101.78424835205078
288.1652526855469 278.74176025390625
539.8697509765625 12.382942199707031
62.79085159301758 366.5729675292969
359.0042419433594 564.5845336914062
420.4477844238281 240.1078338623047
236.18768310546875 124.46527862548828
554.1091918945312 253.3910369873047
443.353515625 17.644163131713867
440.0429992675781 284.9906921386719
373.3186950683594 274.9728698730469
140.80300903320312 360.78948974609375
276.1861267089844 286.10052490234375
443.8649597167969 94.31926727294922
329.58551025390625 82.21339416503906
228.86221313476562 142.28875732421875
377.72100830078125 155.20892333984375
94.40172576904297 200.54782104492188
292.7232360839844 138.4607696533203
276.1861267089844 286.10052490234375
