583.4253540039062 271.79754638671875
175.51905822753906 500.1258544921875
106.8265151977539 421.9560546875
89.64909362792969 406.0400695800781
492.4887390136719 505.89996337890625
458.7928771972656 150.89125061035156
403.9783935546875 576.636474609375
602.2520751953125 288.4169006347656
472.46453857421875 166.20187377929688
182.03697204589844 503.683349609375
437.4109191894531 14.14871883392334
498.56951904296875 188.0266876220703
48.313232421875 358.9714660644531
464.9087829589844 151.82423400878906
509.0107727050781 204.99839782714844
294.58587646484375 550.5827026367188
502.099609375 75.05615234375
123.43973541259766 437.84039306640625
533.2446899414062 222.86758422851562
522.4212036132812 59.011474609375
373.1290588378906 51.052738189697266
84.8844985961914 396.4343566894531
368.2653503417969 53.92836380004883
428.1556396484375 553.1827392578125
507.90997314453125 485.04339599609375
546.8936157226562 244.14125061035156
499.47882080078125 192.13644409179688
469.9451904296875 104.66368103027344
284.0843505859375 94.67225646972656
485.7839050292969 509.47100830078125
314.5203857421875 101.78424835205078
288.1652526855469 278.74176025390625
539.8697509765625 12.382942199707031
62.79085159301758 366.5729675292969
359.0042419433594 564.5845336914062
420.4477844238281 240.1078338623047
236.18768310546875 124.46527862548828
554.1091918945312 253.3910369873047
443.353515625 17.644163131713867
440.0429992675781 284.9906921386719
373.3186950683594 274.9728698730469
140.80300903320312 360.78948974609375
276.1861267089844 286.10052490234375
443.8649597167969 94.31926727294922
329.58551025390625 82.21339416503906
228.86221313476562 142.28875732421875
377.72100830078125 155.20892333984375
94.40172576904297 200.54782104492188
292.7232360839844 138.4607696533203
276.1861267089844 286.10052490234375
336.2556457519531 278.9350891113281
381.07476806640625 128.79750061035156
428.8170166015625 288.884521484375
110.80144500732422 361.12542724609375
464.5994567871094 534.8881225585938
93.1841049194336 400.8987731933594
116.1780014038086 333.53668212890625
116.57368469238281 431.3305358886719
586.0543212890625 415.63446044921875
127.71548461914062 208.62303161621094
71.91680908203125 378.81109619140625
384.9498291015625 256.8847351074219
228.11721801757812 236.5880889892578
466.030029296875 534.140625
58.999691009521484 365.739990234375
516.3639526367188 212.0048828125
278.6435852050781 283.7854309082031
506.8626403808594 484.87713623046875
394.78533935546875 35.636817932128906
378.60699462890625 292.96893310546875
455.6962890625 195.61410522460938
191.11431884765625 255.54229736328125
110.80144500732422 361.12542724609375
574.9547119140625 422.52593994140625
435.0688171386719 200.5071563720703
358.8269958496094 73.52458190917969
125.37471008300781 342.9976806640625
267.8716735839844 246.3383331298828
293.2666015625 286.5166015625
381.4727783203125 290.5186462402344
496.4682922363281 75.99103546142578
463.818603515625 207.6798095703125
417.24725341796875 20.946523666381836
366.7510681152344 568.2107543945312
530.4236450195312 15.014610290527344
453.9690246582031 537.895751953125
442.5914306640625 281.03509521484375
489.5596618652344 45.87001419067383
346.5823974609375 59.10019302368164
431.1454772949219 244.88043212890625
447.4814758300781 275.2060546875
220.1990203857422 252.22402954101562
434.0566711425781 189.5782928466797
304.26751708984375 266.93408203125
309.9870300292969 272.4615173339844
82.81891632080078 217.73973083496094
438.634033203125 289.33502197265625
227.46041870117188 140.59275817871094
284.24591064453125 280.7248840332031
376.2348937988281 149.3340606689453
291.122314453125 249.42901611328125
157.1162872314453 294.4716796875
390.1506652832031 203.1727752685547
505.7644958496094 63.337215423583984
275.798828125 289.9632263183594
227.46041870117188 140.59275817871094
134.47348022460938 335.72381591796875
356.1326599121094 270.3578186035156
161.7161102294922 312.9902038574219
505.4034118652344 15.132803916931152
376.42584228515625 296.09564208984375
228.09161376953125 277.9434509277344
193.5625 337.91888427734375
136.8212890625 357.15057373046875
109.94849395751953 202.05392456054688
403.8470458984375 263.33843994140625
490.83746337890625 238.95535278320312
228.11721801757812 236.5880889892578
297.52398681640625 100.06903076171875
489.405029296875 82.26142120361328
129.84017944335938 259.0379333496094
463.818603515625 207.6798095703125
453.82049560546875 9.595244407653809
153.3333740234375 299.2107238769531
424.0707092285156 291.77239990234375
375.3297424316406 157.09315490722656
181.03787231445312 266.6682434082031
367.6082458496094 149.6317901611328
222.85130310058594 308.98876953125
475.79095458984375 211.43309020996094
294.0049743652344 535.176513671875
487.15313720703125 474.6166076660156
374.099853515625 299.2220458984375
394.78533935546875 35.636817932128906
472.6386413574219 164.0264892578125
581.4666748046875 416.18572998046875
229.45985412597656 244.11036682128906
293.2666015625 286.5166015625
525.2322387695312 246.33192443847656
61.06025695800781 310.87823486328125
343.1021423339844 550.4312744140625
357.0828857421875 223.1708526611328
456.175537109375 133.00045776367188
517.4761962890625 58.35593032836914
326.7527160644531 252.39939880371094
411.595947265625 305.1380310058594
385.509521484375 44.329532623291016
395.686279296875 146.92449951171875
363.241455078125 55.15875244140625
304.1130065917969 529.2274780273438
275.925537109375 241.07069396972656
394.8757629394531 184.85911560058594
568.5824584960938 432.8619689941406
98.31259155273438 354.8326110839844
272.71270751953125 576.4436645507812
314.24102783203125 86.19184112548828
371.86773681640625 193.12689208984375
363.241455078125 55.15875244140625
463.31341552734375 180.95518493652344
105.03551483154297 205.345947265625
252.0742645263672 258.8771057128906
377.72100830078125 155.20892333984375
395.686279296875 146.92449951171875
149.8993682861328 174.519775390625
472.0522766113281 494.79693603515625
264.8902893066406 194.35650634765625
429.01129150390625 250.96434020996094
270.9897155761719 237.53890991210938
187.8402557373047 250.0664825439453
207.50531005859375 279.821533203125
341.51873779296875 538.3573608398438
290.5714111328125 290.8772277832031
132.8321075439453 352.6986083984375
463.1221618652344 71.06485748291016
452.6591796875 275.6459045410156
292.319580078125 193.03457641601562
110.80144500732422 361.12542724609375
156.01931762695312 314.7083740234375
233.5858154296875 239.59616088867188
211.7918243408203 279.1193542480469
313.20294189453125 272.06341552734375
289.68994140625 284.0342102050781
402.13616943359375 235.92611694335938
401.1261901855469 30.598970413208008
364.3236083984375 552.802734375
116.06743621826172 358.4428405761719
597.1818237304688 401.26263427734375
288.2000732421875 275.22662353515625
264.8902893066406 194.35650634765625
444.15521240234375 13.69651985168457
384.1252746582031 177.39735412597656
198.83633422851562 343.1814270019531
311.7985534667969 521.1687622070312
314.57763671875 242.33653259277344
471.4368896484375 229.38760375976562
140.19354248046875 175.54830932617188
333.49774169921875 523.964111328125
211.44747924804688 265.4673767089844
342.5076904296875 491.9574890136719
440.1050109863281 214.0198211669922
449.56085205078125 108.94730377197266
402.9009094238281 153.6194610595703
393.1644287109375 194.03173828125
154.8162078857422 275.8434753417969
393.641357421875 254.09628295898438
322.95599365234375 522.9514770507812
122.23136138916016 341.04638671875
510.4777526855469 249.60154724121094
238.0283660888672 135.03775024414062
136.2934112548828 255.3082733154297
430.177490234375 255.3618621826172
327.8782653808594 535.498779296875
550.9342041015625 24.486732482910156
218.91952514648438 225.4304656982422
265.1718444824219 76.04469299316406
387.74493408203125 122.1930923461914
330.66864013671875 16.260313034057617
297.3021545410156 535.1619873046875
177.56707763671875 278.6912536621094
276.9898986816406 270.22454833984375
356.6797180175781 273.92938232421875
443.4048767089844 134.153076171875
171.83775329589844 262.9714050292969
458.1808776855469 94.49357604980469
399.1344909667969 32.458038330078125
519.6170654296875 241.47003173828125
505.4681091308594 394.35693359375
359.6197509765625 166.6929473876953
337.5493469238281 71.67540740966797
272.3788757324219 572.8421630859375
127.19918060302734 257.3556823730469
262.4338073730469 283.9557800292969
260.70458984375 251.11773681640625
375.3297424316406 157.09315490722656
151.55723571777344 295.0378112792969
143.4786376953125 299.586669921875
238.16587829589844 251.4462432861328
219.76919555664062 269.7118835449219
476.8567199707031 91.07321166992188
283.9219665527344 233.46246337890625
298.7154846191406 228.5972442626953
342.1589660644531 533.5621337890625
273.5273742675781 64.946533203125
150.56307983398438 277.8072509765625
429.6195983886719 308.1425476074219
64.61640167236328 261.2539978027344
381.72259521484375 31.2924861907959
271.7678527832031 202.16845703125
280.2503967285156 289.0919189453125
405.03045654296875 181.05905151367188
467.8240661621094 189.23146057128906
308.4293518066406 87.02068328857422
307.3468322753906 221.16014099121094
108.16938781738281 298.36993408203125
424.77960205078125 253.33201599121094
544.43310546875 268.18023681640625
403.63336181640625 301.5928039550781
380.1274719238281 225.14724731445312
252.0742645263672 258.8771057128906
524.5765991210938 454.4990234375
482.4595642089844 260.5694885253906
158.74806213378906 287.5278015136719
405.0647888183594 6.701279163360596
486.46563720703125 288.95111083984375
161.7161102294922 312.9902038574219
511.0513000488281 463.46136474609375
494.9927062988281 42.538536071777344
494.3841552734375 58.14821243286133
249.54849243164062 123.05308532714844
268.85516357421875 573.8078002929688
292.3584899902344 107.73615264892578
431.88525390625 98.31710052490234
590.683837890625 407.0560607910156
117.06321716308594 195.57371520996094
328.4426574707031 524.1326904296875
394.8757629394531 184.85911560058594
268.6141357421875 217.07337951660156
265.7552490234375 81.85514068603516
171.83775329589844 262.9714050292969
411.3363952636719 23.02738380432129
134.68199157714844 278.9463806152344
475.9927978515625 86.82036590576172
405.03045654296875 181.05905151367188
300.5581970214844 183.63404846191406
460.451171875 485.9700012207031
330.66864013671875 16.260313034057617
201.83969116210938 297.1956787109375
222.92343139648438 264.65045166015625
466.16290283203125 249.44712829589844
519.6170654296875 241.47003173828125
245.5919952392578 218.2670135498047
373.3106384277344 508.7130432128906
416.75750732421875 328.447998046875
116.25242614746094 315.6773376464844
26.397323608398438 289.2794494628906
355.5234069824219 540.2302856445312
183.6782684326172 163.1610107421875
492.11529541015625 246.64254760742188
379.08447265625 195.15591430664062
245.31951904296875 129.78346252441406
95.4408950805664 285.9032287597656
509.3534240722656 464.009521484375
219.76919555664062 269.7118835449219
342.5076904296875 491.9574890136719
478.0828552246094 278.3273620605469
74.46028900146484 361.68524169921875
367.79022216796875 38.14310836791992
531.2492065429688 61.97440719604492
311.56243896484375 230.9790496826172
226.9321746826172 312.83843994140625
108.09600067138672 291.83935546875
276.5646057128906 61.13087463378906
247.23423767089844 219.43211364746094
196.8156280517578 175.98683166503906
556.1817626953125 433.7882995605469
362.27618408203125 154.39613342285156
294.497314453125 281.06182861328125
525.8564453125 234.49417114257812
442.23919677734375 182.2696533203125
161.34786987304688 282.784912109375
165.49777221679688 177.4740447998047
473.0594177246094 490.2701110839844
516.0924072265625 459.5160217285156
244.91073608398438 212.7360382080078
494.040283203125 250.5133514404297
441.8699645996094 259.564697265625
397.0548400878906 325.9058837890625
395.41644287109375 33.487571716308594
218.08233642578125 225.46826171875
405.3004455566406 238.58473205566406
123.66764831542969 325.00604248046875
504.6351623535156 45.36328887939453
280.2503967285156 289.0919189453125
275.3991394042969 93.05433654785156
386.97509765625 275.0514831542969
163.1802215576172 179.48043823242188
279.9290771484375 56.65824508666992
284.411865234375 216.34002685546875
165.39540100097656 286.8507080078125
379.9836120605469 124.47998809814453
480.0442199707031 58.673484802246094
520.8889770507812 439.63336181640625
521.5082397460938 453.92352294921875
524.2891235351562 274.1402587890625
281.01092529296875 272.7822570800781
386.77423095703125 25.24396514892578
171.9395751953125 280.86407470703125
93.79727172851562 355.21112060546875
285.1149597167969 499.10113525390625
157.2842559814453 202.07855224609375
90.79832458496094 392.691650390625
424.01312255859375 269.6801452636719
459.2015686035156 226.6370849609375
247.23423767089844 219.43211364746094
467.2009582519531 266.993896484375
384.7353820800781 131.5529327392578
431.0089416503906 134.80685424804688
314.61395263671875 492.2117614746094
180.50631713867188 283.66046142578125
226.51083374023438 307.05474853515625
376.7008361816406 182.13323974609375
411.43609619140625 308.6689147949219
12.895285606384277 297.1135559082031
50.14683151245117 309.8680725097656
506.4718322753906 250.9661102294922
391.2338562011719 193.6444549560547
300.444580078125 216.42665100097656
139.46405029296875 183.26150512695312
248.3629913330078 126.40643310546875
418.0752258300781 222.7553253173828
206.04307556152344 238.15098571777344
311.85821533203125 224.86236572265625
108.54901123046875 283.1280517578125
173.33079528808594 172.41380310058594
554.9660034179688 11.839591026306152
376.6350402832031 252.51974487304688
335.030029296875 334.92059326171875
310.6808166503906 173.5011444091797
397.1552429199219 280.2440185546875
159.92555236816406 379.3458557128906
141.0968017578125 259.8804931640625
256.6196594238281 410.77716064453125
134.81764221191406 375.57159423828125
319.44000244140625 212.8526611328125
108.87969970703125 323.86865234375
314.61395263671875 492.2117614746094
301.6057434082031 290.8707275390625
345.9267272949219 495.7001647949219
233.0158233642578 524.9497680664062
309.41412353515625 276.7021789550781
301.4494934082031 182.54612731933594
300.0733642578125 208.6572723388672
498.213623046875 478.10284423828125
317.9513244628906 281.70806884765625
252.37428283691406 310.453369140625
182.97030639648438 324.56610107421875
262.1149597167969 104.7706298828125
84.04373931884766 357.5412292480469
442.500732421875 302.97607421875
472.3314208984375 72.92981719970703
392.3125915527344 513.0088500976562
482.5749206542969 63.947994232177734
101.20700073242188 345.67572021484375
499.7190856933594 234.65597534179688
583.5578002929688 360.2276916503906
124.00360107421875 335.852783203125
210.78077697753906 288.4295654296875
387.74493408203125 122.1930923461914
436.3981628417969 229.13279724121094
184.90577697753906 178.8618927001953
307.3468322753906 221.16014099121094
136.37423706054688 267.0702209472656
307.3801574707031 452.27398681640625
411.7209167480469 147.861083984375
270.0519104003906 231.16783142089844
492.75421142578125 28.992197036743164
249.4167022705078 509.5010986328125
181.09774780273438 294.1888427734375
532.4351196289062 232.05433654785156
470.074462890625 171.36204528808594
427.62518310546875 252.81211853027344
403.6048278808594 291.4980773925781
461.2296447753906 82.70236206054688
134.47348022460938 335.72381591796875
155.33372497558594 303.59381103515625
72.05522918701172 256.40130615234375
426.69635009765625 388.6683654785156
362.9635009765625 144.68276977539062
199.44883728027344 260.37176513671875
303.5464172363281 426.8521728515625
61.413658142089844 267.1182556152344
363.4671325683594 338.5035095214844
175.19866943359375 241.82220458984375
501.5760803222656 22.981014251708984
305.9679870605469 227.5568389892578
463.31341552734375 180.95518493652344
102.04302215576172 210.50828552246094
171.83775329589844 262.9714050292969
126.17758178710938 365.0246276855469
254.24075317382812 222.10195922851562
386.77423095703125 25.24396514892578
167.31019592285156 272.0237121582031
315.1471252441406 326.888916015625
409.0562438964844 274.6288146972656
485.8575134277344 44.856590270996094
493.81317138671875 239.03460693359375
197.18310546875 351.3742370605469
98.5865478515625 287.8865051269531
397.0548400878906 325.9058837890625
195.84161376953125 317.8839111328125
252.37428283691406 310.453369140625
382.1601257324219 249.6590576171875
404.7649230957031 219.00277709960938
393.8755798339844 267.50994873046875
136.8212890625 357.15057373046875
460.62884521484375 383.15289306640625
342.77880859375 273.2247009277344
321.842041015625 176.77581787109375
310.081298828125 524.58447265625
254.12266540527344 306.9527587890625
362.01861572265625 548.3524780273438
251.42445373535156 312.6065368652344
78.38997650146484 345.537841796875
186.6687774658203 265.7613830566406
546.1337280273438 286.3432312011719
320.4739990234375 201.9585418701172
546.5964965820312 265.7384033203125
211.50765991210938 318.6341552734375
47.12042999267578 277.62847900390625
231.79342651367188 257.9417724609375
323.4230651855469 267.0895080566406
97.15746307373047 220.9539337158203
268.85516357421875 573.8078002929688
409.0562438964844 274.6288146972656
305.9679870605469 227.5568389892578
439.0079345703125 533.0433959960938
272.86212158203125 492.49713134765625
217.14830017089844 473.2789306640625
453.9447326660156 515.3499755859375
390.81689453125 23.551727294921875
217.96701049804688 460.3179016113281
86.58871459960938 319.8006896972656
310.15496826171875 236.743896484375
148.93894958496094 303.8515930175781
355.99285888671875 307.2509460449219
134.07794189453125 289.8936462402344
158.14515686035156 368.2688293457031
129.01905822753906 272.9808044433594
211.50765991210938 318.6341552734375
573.2001342773438 320.3216247558594
182.99124145507812 175.2845458984375
256.7420654296875 260.16082763671875
390.1506652832031 203.1727752685547
458.1355895996094 223.0196990966797
375.5730285644531 221.0261688232422
254.72872924804688 265.2720642089844
98.92935943603516 218.26048278808594
499.7190856933594 234.65597534179688
228.84982299804688 266.26226806640625
206.04307556152344 238.15098571777344
204.44911193847656 259.01593017578125
41.020294189453125 281.5334777832031
315.2920227050781 248.7464599609375
420.4377136230469 525.6223754882812
149.8993682861328 174.519775390625
385.9873962402344 29.185922622680664
236.032958984375 340.0860595703125
286.9941101074219 110.96320343017578
209.91758728027344 467.03436279296875
495.00006103515625 268.489990234375
356.9083251953125 258.36865234375
475.79095458984375 211.43309020996094
511.9455871582031 244.87010192871094
524.2891235351562 274.1402587890625
111.73678588867188 293.0600280761719
410.0025939941406 316.8102111816406
441.93450927734375 198.3897247314453
269.22662353515625 107.9344482421875
153.49818420410156 377.838134765625
125.37471008300781 342.9976806640625
443.5843200683594 204.05560302734375
305.65374755859375 325.2803649902344
254.72872924804688 265.2720642089844
267.5716857910156 320.00653076171875
326.5460205078125 212.6208953857422
411.595947265625 305.1380310058594
520.8889770507812 439.63336181640625
583.0432739257812 400.2981262207031
216.50538635253906 355.9248046875
418.3807678222656 478.8008728027344
243.70082092285156 293.6754150390625
373.3106384277344 508.7130432128906
123.66764831542969 325.00604248046875
554.4776000976562 431.0318908691406
453.3122863769531 277.83538818359375
285.9102783203125 287.68304443359375
438.0870361328125 93.40885925292969
312.37530517578125 282.2164306640625
344.78948974609375 288.03973388671875
418.0752258300781 222.7553253173828
265.23583984375 257.14312744140625
385.4709777832031 151.14419555664062
300.15472412109375 198.28350830078125
340.7982177734375 396.02764892578125
117.5970458984375 297.41510009765625
346.0815734863281 264.2714538574219
297.69757080078125 300.9754943847656
137.8712921142578 354.2084655761719
438.1871032714844 271.8639221191406
476.9314880371094 487.4468994140625
112.41002655029297 325.91436767578125
69.090576171875 344.4795837402344
47.361854553222656 274.607666015625
574.7539672851562 307.0202331542969
358.0099792480469 197.06378173828125
406.1993713378906 178.56396484375
426.5242004394531 314.62255859375
161.00308227539062 396.59808349609375
424.0707092285156 291.77239990234375
372.36309814453125 258.9509582519531
322.8466796875 203.39503479003906
86.2673110961914 349.9803161621094
231.9150848388672 261.0953063964844
305.919921875 278.88397216796875
455.6962890625 195.61410522460938
381.4932556152344 407.0387878417969
515.6394653320312 285.38140869140625
327.5944519042969 277.7708740234375
291.8594055175781 269.1153564453125
357.0828857421875 223.1708526611328
95.16160583496094 279.7782287597656
363.45733642578125 310.4647521972656
426.3948974609375 320.1451721191406
456.9237976074219 305.5932922363281
101.05766296386719 292.2159423828125
413.1110534667969 192.84739685058594
295.3905029296875 303.3902587890625
97.15746307373047 220.9539337158203
371.86773681640625 193.12689208984375
549.4570922851562 271.7043151855469
298.3843078613281 219.7766876220703
285.9102783203125 287.68304443359375
160.4827117919922 361.094482421875
118.87882995605469 325.4795837402344
508.33306884765625 17.45583152770996
396.5611267089844 292.429443359375
277.6241455078125 344.49029541015625
544.1900634765625 262.3353271484375
276.9076232910156 219.468017578125
358.0099792480469 197.06378173828125
484.4695739746094 476.8754577636719
262.4338073730469 283.9557800292969
92.76888275146484 309.2048034667969
166.0597381591797 316.9525146484375
436.20172119140625 183.90716552734375
14.058589935302734 299.9521789550781
459.1569519042969 392.4319152832031
134.81764221191406 375.57159423828125
316.1336975097656 266.80950927734375
470.074462890625 171.36204528808594
132.37857055664062 381.45263671875
407.4993591308594 167.11117553710938
98.31259155273438 354.8326110839844
561.4637451171875 390.9626159667969
456.67022705078125 240.62139892578125
127.89083862304688 263.58319091796875
358.0099792480469 197.06378173828125
525.8564453125 234.49417114257812
428.5048828125 269.3365478515625
156.5435791015625 263.9543151855469
298.5524597167969 188.57901000976562
410.8042297363281 507.89324951171875
303.89599609375 211.5346221923828
345.00152587890625 299.63250732421875
398.1181335449219 271.5137634277344
127.89083862304688 263.58319091796875
268.9187316894531 205.67234802246094
419.6391296386719 186.83041381835938
549.9105834960938 280.84112548828125
410.9432678222656 232.2081756591797
310.7415466308594 321.8771667480469
547.124755859375 256.60833740234375
429.71630859375 391.0054931640625
428.08367919921875 329.6222229003906
163.1802215576172 179.48043823242188
518.7845458984375 274.6807861328125
140.5742645263672 190.1432342529297
359.64337158203125 279.3092956542969
119.4520492553711 304.1463928222656
165.82513427734375 349.96856689453125
315.2920227050781 248.7464599609375
252.6968536376953 119.23281860351562
200.3242950439453 242.42636108398438
437.44366455078125 225.06178283691406
109.15232849121094 284.752197265625
83.95890045166016 338.89642333984375
297.9247741699219 320.10528564453125
448.62139892578125 295.0673522949219
314.24102783203125 86.19184112548828
244.5510711669922 104.22550964355469
467.6189880371094 305.5914001464844
413.81036376953125 231.35861206054688
91.56922149658203 324.2806701660156
232.53443908691406 299.53692626953125
312.6542053222656 209.33346557617188
401.0802307128906 326.02972412109375
108.16938781738281 298.36993408203125
443.5843200683594 204.05560302734375
392.6068115234375 17.649791717529297
210.99105834960938 323.28857421875
210.9417724609375 335.976806640625
510.04180908203125 222.55006408691406
297.3077697753906 277.835205078125
515.9544677734375 452.2088623046875
307.3310546875 442.738525390625
229.45985412597656 244.11036682128906
459.4142761230469 260.22998046875
272.86212158203125 492.49713134765625
494.3841552734375 58.14821243286133
315.546630859375 426.3121643066406
450.78125 315.4766540527344
247.95233154296875 224.06031799316406
251.4333953857422 264.19378662109375
455.4898986816406 243.00758361816406
352.9234619140625 294.51678466796875
328.5787658691406 265.6916809082031
274.11859130859375 212.22906494140625
420.0660705566406 200.8946075439453
350.9192199707031 242.26629638671875
315.1656799316406 521.0239868164062
194.6038055419922 240.6897430419922
333.4321594238281 282.14263916015625
515.6394653320312 285.38140869140625
217.69451904296875 259.1989440917969
47.12042999267578 277.62847900390625
128.0238037109375 368.0237731933594
274.1592712402344 215.64572143554688
381.4727783203125 290.5186462402344
405.2635498046875 206.62498474121094
207.58267211914062 355.7157897949219
509.8398132324219 23.610754013061523
40.87058639526367 275.94647216796875
236.92164611816406 431.4220275878906
115.59098052978516 277.3662109375
230.3793487548828 379.4048156738281
194.03814697265625 442.04254150390625
116.44945526123047 279.21673583984375
188.4496612548828 340.2762756347656
293.15692138671875 440.9280700683594
471.8450012207031 219.24618530273438
206.07078552246094 250.01263427734375
457.01214599609375 488.9942932128906
393.45098876953125 209.84544372558594
597.0016479492188 404.5691223144531
190.60128784179688 251.01316833496094
247.96665954589844 298.08465576171875
388.309814453125 266.8806457519531
174.4127655029297 323.74090576171875
167.31019592285156 272.0237121582031
455.75909423828125 49.55879592895508
454.4548034667969 180.57925415039062
406.1993713378906 178.56396484375
505.19879150390625 237.15524291992188
353.1452941894531 289.18499755859375
112.41002655029297 325.91436767578125
107.107666015625 369.6839599609375
393.42669677734375 205.8991241455078
497.0626525878906 60.48436737060547
160.4827117919922 361.094482421875
116.52255249023438 340.7699279785156
505.031494140625 296.8192138671875
426.69635009765625 388.6683654785156
352.1623840332031 557.4495239257812
135.5074920654297 192.95335388183594
266.1891174316406 498.07598876953125
144.26307678222656 190.6192626953125
568.7007446289062 356.0281982421875
294.7325439453125 324.87994384765625
132.1396026611328 274.78082275390625
349.1555480957031 293.970703125
473.0396728515625 272.1794128417969
98.23946380615234 319.0456237792969
518.3524780273438 245.47381591796875
131.70217895507812 305.7384033203125
458.1808776855469 94.49357604980469
197.59130859375 299.17401123046875
117.36021423339844 370.21917724609375
285.1149597167969 499.10113525390625
466.16290283203125 249.44712829589844
273.3697204589844 269.4532470703125
131.25418090820312 254.1409454345703
317.421630859375 461.554931640625
265.1718444824219 76.04469299316406
210.99105834960938 323.28857421875
391.95745849609375 214.06211853027344
113.50688934326172 354.8138732910156
197.3775177001953 250.4984588623047
309.8620300292969 207.980224609375
349.7352600097656 241.0675811767578
508.17962646484375 268.1673278808594
446.5838623046875 257.0057067871094
156.51934814453125 385.9071350097656
397.1552429199219 280.2440185546875
492.08062744140625 42.730125427246094
430.8768310546875 259.5170593261719
123.1855239868164 417.7312927246094
466.6058349609375 83.68460083007812
195.94554138183594 245.7968292236328
430.8768310546875 259.5170593261719
335.9630126953125 284.6106872558594
514.0068359375 239.00936889648438
132.43113708496094 311.7134094238281
254.3412322998047 405.8369140625
245.42745971679688 480.21746826171875
239.8772735595703 225.9053192138672
182.06344604492188 271.24444580078125
384.7353820800781 131.5529327392578
498.5101318359375 270.081787109375
322.9619445800781 250.09608459472656
186.25283813476562 171.4847869873047
359.9540100097656 267.9958801269531
345.00152587890625 299.63250732421875
491.7535095214844 52.92211151123047
106.91226959228516 342.9769592285156
375.5888977050781 32.53561782836914
473.0396728515625 272.1794128417969
277.0480651855469 210.9279022216797
51.961612701416016 351.0486145019531
272.5457763671875 424.8660583496094
277.6241455078125 344.49029541015625
413.81036376953125 231.35861206054688
186.09951782226562 349.50299072265625
237.92640686035156 96.34471130371094
209.5655059814453 491.2909240722656
449.42352294921875 277.9845275878906
534.5054321289062 235.7926788330078
159.85617065429688 310.0780334472656
291.361572265625 432.8390808105469
168.2312469482422 204.00872802734375
300.0733642578125 208.6572723388672
162.4945831298828 310.59832763671875
410.9274597167969 324.6765441894531
122.22290802001953 347.0491638183594
304.98956298828125 233.03659057617188
559.1029052734375 414.7845764160156
528.0838012695312 253.2222900390625
101.23692321777344 296.0323791503906
246.17068481445312 286.4068298339844
245.46278381347656 235.03282165527344
385.1192321777344 562.353271484375
139.5562744140625 359.027587890625
150.5494384765625 358.0992126464844
416.0001220703125 267.8820495605469
541.1444702148438 267.9872131347656
248.52975463867188 437.3474426269531
379.4922790527344 266.22857666015625
131.81805419921875 327.1195373535156
294.45172119140625 244.45697021484375
544.4535522460938 261.6900634765625
181.79150390625 251.7198486328125
426.69635009765625 388.6683654785156
398.1181335449219 271.5137634277344
435.6335754394531 336.19903564453125
445.6745910644531 250.05361938476562
104.27224731445312 328.94384765625
361.6152648925781 314.64556884765625
525.9197387695312 258.68109130859375
384.7812805175781 291.44854736328125
195.94554138183594 245.7968292236328
254.43272399902344 471.5179748535156
359.64337158203125 279.3092956542969
566.79443359375 411.91436767578125
201.8531494140625 325.75225830078125
101.52194213867188 360.85296630859375
183.66299438476562 308.8188171386719
182.06344604492188 271.24444580078125
494.63275146484375 128.0389404296875
208.5998992919922 247.377685546875
204.70989990234375 312.62567138671875
185.5109100341797 337.5167541503906
159.31907653808594 172.95545959472656
141.46978759765625 276.13787841796875
393.6829528808594 21.53908348083496
450.51910400390625 287.6324157714844
286.3335876464844 299.49676513671875
595.7198486328125 393.9902038574219
513.7854614257812 47.85598373413086
357.09234619140625 282.33056640625
237.88626098632812 292.69134521484375
276.595458984375 105.36492919921875
237.88626098632812 292.69134521484375
323.58740234375 264.00518798828125
501.6118469238281 216.0065155029297
176.01023864746094 260.24505615234375
235.91119384765625 298.950439453125
259.57177734375 368.4217529296875
286.82244873046875 228.30938720703125
31.800140380859375 283.3828430175781
152.1761474609375 351.8849792480469
456.3628234863281 276.42303466796875
147.6815185546875 391.6072082519531
220.77743530273438 347.0893859863281
69.06227111816406 358.9084167480469
329.8066101074219 483.8626403808594
207.14474487304688 242.9833526611328
278.3964538574219 273.12176513671875
400.9859924316406 279.7584533691406
166.78184509277344 171.95281982421875
279.8800048828125 293.2762145996094
418.0752258300781 222.7553253173828
257.2585754394531 509.650146484375
515.6394653320312 285.38140869140625
496.3045654296875 64.66909790039062
190.3470916748047 244.45550537109375
439.5350341796875 333.2223205566406
250.7446746826172 115.19757080078125
499.9765319824219 63.028175354003906
349.6689453125 486.6446533203125
557.272705078125 16.775068283081055
176.0260467529297 176.17291259765625
160.21652221679688 393.0732421875
106.2242431640625 339.7584228515625
421.1954345703125 250.85345458984375
213.6298370361328 326.6747741699219
451.9704895019531 244.5493621826172
272.1430969238281 209.6505126953125
110.00081634521484 365.50396728515625
323.58740234375 264.00518798828125
324.4706115722656 267.5328063964844
106.03777313232422 376.170166015625
188.1159210205078 259.6599426269531
513.9287109375 252.90065002441406
352.9253845214844 486.4713134765625
186.45849609375 170.8638458251953
449.9552307128906 267.627685546875
368.035400390625 155.0118408203125
504.26214599609375 21.395631790161133
418.3807678222656 478.8008728027344
136.7944793701172 275.4187927246094
372.5628662109375 141.48834228515625
291.361572265625 432.8390808105469
518.7845458984375 274.6807861328125
548.1956176757812 260.1286315917969
191.71563720703125 279.3163146972656
296.23291015625 247.48019409179688
115.1015853881836 300.9684143066406
155.38162231445312 360.44818115234375
256.3020324707031 227.3053741455078
363.6593017578125 295.08978271484375
84.76412963867188 377.72076416015625
544.1900634765625 262.3353271484375
311.5635986328125 239.799072265625
417.6749572753906 228.97560119628906
459.4142761230469 260.22998046875
501.6118469238281 216.0065155029297
363.6593017578125 295.08978271484375
80.51866912841797 380.3811340332031
138.24298095703125 335.91552734375
69.06227111816406 358.9084167480469
175.9453582763672 260.6497497558594
386.5681457519531 285.5943908691406
108.49059295654297 360.64044189453125
188.12355041503906 238.60499572753906
72.83455657958984 355.96929931640625
175.00559997558594 391.4169616699219
105.90322875976562 288.96014404296875
384.6615295410156 252.61062622070312
234.59156799316406 100.07941436767578
420.72711181640625 289.08935546875
444.9435119628906 184.2526397705078
339.1598815917969 449.10687255859375
281.4701843261719 447.6356506347656
443.96142578125 292.71923828125
204.0328826904297 245.19480895996094
72.83455657958984 355.96929931640625
322.8466796875 203.39503479003906
259.57177734375 368.4217529296875
522.61083984375 277.4029541015625
212.17840576171875 465.0205993652344
393.1644287109375 194.03173828125
240.3636016845703 433.2855224609375
85.5363998413086 361.231689453125
204.43084716796875 256.9446105957031
138.00619506835938 329.2037048339844
466.58953857421875 515.504638671875
209.14149475097656 345.2625732421875
86.68778228759766 354.60662841796875
169.87721252441406 294.9007873535156
451.3156433105469 336.36541748046875
332.40692138671875 265.64923095703125
414.04205322265625 282.9114990234375
412.3312683105469 332.61669921875
90.83831787109375 387.90447998046875
333.4321594238281 282.14263916015625
249.54849243164062 123.05308532714844
316.8431091308594 304.4168395996094
165.65650939941406 184.9951934814453
71.3925552368164 347.59820556640625
279.739501953125 103.46656799316406
387.94158935546875 182.2123565673828
385.2220764160156 305.9742736816406
452.3224792480469 265.04278564453125
439.8374938964844 298.5785217285156
118.25464630126953 290.0211181640625
190.3470916748047 244.45550537109375
466.6679382324219 260.8148498535156
410.368896484375 219.09298706054688
252.6780242919922 438.6148376464844
400.336181640625 149.88072204589844
449.07379150390625 199.06028747558594
88.60840606689453 373.375244140625
189.03099060058594 345.37347412109375
451.9704895019531 244.5493621826172
191.11431884765625 255.54229736328125
59.85246658325195 335.4450988769531
408.4090576171875 339.1867980957031
257.8215026855469 109.72000885009766
257.2585754394531 509.650146484375
353.10406494140625 546.3985595703125
380.9411926269531 277.62017822265625
313.12115478515625 205.80958557128906
450.5303039550781 291.67889404296875
384.7010192871094 309.2243347167969
205.0440673828125 333.970703125
108.49497985839844 378.4376525878906
382.1601257324219 249.6590576171875
181.57273864746094 330.9101867675781
163.98243713378906 195.8839874267578
191.0561065673828 511.3944396972656
306.02655029296875 245.69857788085938
160.21652221679688 393.0732421875
86.68778228759766 354.60662841796875
512.5569458007812 56.1056022644043
284.7050476074219 210.37948608398438
81.36209106445312 383.8990783691406
272.25408935546875 306.6578369140625
411.921875 444.31573486328125
457.03564453125 187.89508056640625
260.4877014160156 240.20213317871094
457.2228088378906 237.07537841796875
474.33154296875 473.69708251953125
327.8480529785156 480.2773742675781
201.66339111328125 238.30677795410156
254.24075317382812 222.10195922851562
564.9156494140625 417.2864685058594
333.3773498535156 480.3608703613281
357.05487060546875 461.50482177734375
538.8571166992188 265.71636962890625
463.1131286621094 217.93690490722656
264.3805236816406 279.788330078125
531.6708984375 237.29103088378906
466.58953857421875 515.504638671875
105.68202209472656 365.774169921875
372.17828369140625 277.15283203125
419.7521057128906 275.17608642578125
528.1126708984375 456.339111328125
271.4100341796875 283.23492431640625
130.65606689453125 288.7861633300781
208.88214111328125 268.3934020996094
399.5459289550781 299.9617004394531
141.22561645507812 326.1109924316406
430.44439697265625 332.8407287597656
129.01905822753906 272.9808044433594
391.95745849609375 214.06211853027344
303.133544921875 261.0848083496094
465.677734375 298.081298828125
451.8547058105469 190.40464782714844
527.5466918945312 27.978408813476562
143.12428283691406 275.1557312011719
294.7325439453125 324.87994384765625
549.0822143554688 410.6616516113281
493.4146728515625 233.88235473632812
327.8480529785156 480.2773742675781
268.18963623046875 237.8989715576172
516.7089233398438 258.1922912597656
250.546142578125 494.1125793457031
226.62815856933594 262.84869384765625
251.70724487304688 215.3075714111328
287.1283264160156 305.14947509765625
454.4237060546875 268.7368469238281
294.1041564941406 299.2330627441406
192.28106689453125 306.8544921875
384.6028747558594 216.49562072753906
94.0196762084961 379.5481872558594
411.1944580078125 233.0015411376953
446.5838623046875 257.0057067871094
474.9634704589844 250.3943328857422
434.5150451660156 313.0848693847656
476.4565124511719 261.29248046875
371.7414855957031 200.151611328125
419.94384765625 333.862548828125
549.9105834960938 280.84112548828125
113.50688934326172 354.8138732910156
423.59906005859375 325.56768798828125
143.44186401367188 381.0548095703125
140.13473510742188 331.4906005859375
489.8202209472656 250.04571533203125
492.2900085449219 66.010986328125
377.9510498046875 188.93954467773438
418.4193420410156 305.6883239746094
316.8431091308594 304.4168395996094
380.9411926269531 277.62017822265625
304.2430725097656 255.72833251953125
254.24075317382812 222.10195922851562
332.8026123046875 485.6970520019531
262.6416015625 84.05145263671875
226.5253143310547 254.72613525390625
121.84290313720703 363.12353515625
441.6055603027344 312.3675842285156
476.4565124511719 261.29248046875
340.62738037109375 261.49542236328125
220.29281616210938 228.36732482910156
382.917724609375 197.7420196533203
475.8784484863281 514.2777709960938
141.46978759765625 276.13787841796875
296.6265563964844 540.3886108398438
64.13536071777344 341.98236083984375
127.82733917236328 296.3075866699219
214.31924438476562 341.59136962890625
363.19049072265625 329.49267578125
286.82244873046875 228.30938720703125
411.921875 444.31573486328125
170.0364227294922 381.86474609375
181.5687255859375 285.6522521972656
81.0716552734375 346.50335693359375
502.04803466796875 27.988178253173828
112.19617462158203 327.1904296875
228.84982299804688 266.26226806640625
547.1536865234375 402.43157958984375
333.3773498535156 480.3608703613281
355.8750305175781 298.7997741699219
190.66415405273438 298.8406677246094
94.07323455810547 215.03309631347656
225.29852294921875 267.964599609375
287.814208984375 311.6897888183594
333.817138671875 476.31207275390625
132.43113708496094 311.7134094238281
461.39788818359375 271.961669921875
141.2621612548828 280.5669860839844
63.97592544555664 348.3014221191406
480.9560546875 80.39810180664062
86.4912109375 380.5120849609375
417.97198486328125 310.4442138671875
251.37353515625 241.6017608642578
472.56304931640625 478.39483642578125
466.58953857421875 515.504638671875
487.7947082519531 295.3201599121094
403.62493896484375 267.8035583496094
418.4193420410156 305.6883239746094
127.09404754638672 284.1939697265625
217.69451904296875 259.1989440917969
128.5857391357422 335.98785400390625
333.817138671875 476.31207275390625
457.888671875 182.20498657226562
495.0691223144531 243.91929626464844
439.1651916503906 253.03225708007812
94.0196762084961 379.5481872558594
380.5504455566406 135.46401977539062
409.947509765625 548.0323486328125
129.40716552734375 363.9552001953125
292.0510559082031 211.90353393554688
375.5730285644531 221.0261688232422
441.6055603027344 312.3675842285156
312.0994873046875 288.585205078125
424.658447265625 309.09698486328125
446.1275939941406 306.2138671875
249.3192901611328 234.42611694335938
494.7210388183594 68.88873291015625
294.1041564941406 299.2330627441406
129.80364990234375 314.9871826171875
131.7174072265625 188.02304077148438
201.48524475097656 335.12237548828125
549.4570922851562 271.7043151855469
524.6865234375 237.3910369873047
360.8773498535156 309.5281982421875
508.978271484375 61.88990020751953
85.51715087890625 347.04376220703125
143.13140869140625 340.33673095703125
141.2621612548828 280.5669860839844
263.9849853515625 319.26434326171875
127.82733917236328 296.3075866699219
188.4496612548828 340.2762756347656
345.0337829589844 249.15574645996094
498.6645202636719 230.43377685546875
557.272705078125 16.775068283081055
235.09686279296875 267.8154602050781
426.1105651855469 242.43307495117188
485.8221130371094 254.24676513671875
68.52716064453125 357.8923034667969
91.06810760498047 348.81097412109375
315.5982971191406 448.2993469238281
295.70513916015625 261.9696350097656
235.44107055664062 282.1256103515625
159.03565979003906 170.2392120361328
144.3972930908203 310.1182861328125
398.1181335449219 271.5137634277344
193.1576385498047 330.53076171875
244.39871215820312 205.3999481201172
466.0533142089844 253.55398559570312
286.82244873046875 228.30938720703125
372.3462219238281 280.73583984375
403.9059143066406 275.15472412109375
476.4676818847656 254.24761962890625
210.59698486328125 296.91632080078125
187.8402557373047 250.0664825439453
259.8161926269531 84.66170501708984
440.9952087402344 295.7901306152344
508.4865417480469 20.64208984375
402.49285888671875 314.93963623046875
408.4090576171875 339.1867980957031
251.70724487304688 215.3075714111328
471.9534606933594 266.7005920410156
252.6780242919922 438.6148376464844
386.87939453125 199.8001708984375
528.2422485351562 279.9103088378906
444.9435119628906 184.2526397705078
89.7862777709961 380.54583740234375
64.13536071777344 341.98236083984375
508.33306884765625 17.45583152770996
106.3489761352539 331.8992004394531
250.72967529296875 88.0099868774414
530.4617309570312 274.64031982421875
193.81036376953125 322.461181640625
549.4570922851562 271.7043151855469
246.61553955078125 253.67587280273438
357.8206481933594 263.21673583984375
272.25408935546875 306.6578369140625
69.06227111816406 358.9084167480469
221.45669555664062 311.6400146484375
402.49285888671875 314.93963623046875
499.9007263183594 243.7324981689453
537.87890625 243.1976318359375
220.236083984375 241.06497192382812
150.9072723388672 168.06936645507812
150.9072723388672 168.06936645507812
182.67196655273438 268.53759765625
399.6529541015625 209.17343139648438
109.81409454345703 349.14434814453125
180.6313934326172 180.19692993164062
419.1153869628906 289.47991943359375
426.2928466796875 315.790771484375
125.72683715820312 282.5761413574219
223.2635040283203 337.1029052734375
381.5739440917969 258.2723693847656
461.108642578125 321.22509765625
465.677734375 298.081298828125
579.7012939453125 406.41583251953125
230.85255432128906 297.72705078125
556.6256103515625 415.2557067871094
363.6886291503906 285.65789794921875
77.99667358398438 357.4510803222656
205.30767822265625 330.06585693359375
441.3658142089844 189.595947265625
531.6708984375 237.29103088378906
414.038818359375 284.93377685546875
184.05026245117188 257.6700439453125
494.9927062988281 42.538536071777344
220.236083984375 241.06497192382812
446.1275939941406 306.2138671875
145.3170623779297 327.478759765625
256.4269104003906 203.45660400390625
252.15133666992188 468.9423828125
183.01593017578125 249.70877075195312
169.42642211914062 188.7043914794922
234.3677520751953 273.9262390136719
548.4483032226562 255.94056701660156
351.95703125 286.0819396972656
83.02147674560547 344.2383728027344
76.10901641845703 339.33624267578125
306.1835632324219 230.05361938476562
374.84283447265625 136.14718627929688
374.84283447265625 136.14718627929688
162.28578186035156 303.5054626464844
89.7862777709961 380.54583740234375
280.1351623535156 268.2337341308594
187.72686767578125 286.3219299316406
239.94264221191406 234.3332061767578
442.2982177734375 263.56689453125
292.72320556640625 202.38316345214844
476.4676818847656 254.24761962890625
549.3499145507812 250.2333526611328
169.62059020996094 313.3039245605469
428.4410705566406 299.9461669921875
442.2982177734375 263.56689453125
108.36925506591797 318.530517578125
201.20530700683594 252.14230346679688
158.51315307617188 175.1182861328125
352.0559997558594 268.1606140136719
514.001220703125 52.46477508544922
176.0260467529297 176.17291259765625
330.8712463378906 254.1017608642578
201.75367736816406 242.1626739501953
467.64788818359375 500.28973388671875
475.01678466796875 75.10460662841797
548.4483032226562 255.94056701660156
469.58343505859375 518.2405395507812
394.76800537109375 560.9111938476562
534.6478271484375 46.066715240478516
