559.2572021484375 721.6911010742188
647.4373168945312 508.0187072753906
569.2540283203125 554.0661010742188
417.7068176269531 663.7059936523438
575.11474609375 550.4903564453125
556.8355712890625 564.9932250976562
638.44091796875 512.3816528320312
455.8366394042969 639.7666015625
400.03790283203125 679.0801391601562
576.91943359375 554.165283203125
608.7536010742188 674.1170043945312
611.2875366210938 526.3786010742188
427.03668212890625 659.5435791015625
559.2076416015625 559.6083374023438
418.2265930175781 669.1990966796875
609.6979370117188 532.3264770507812
507.74371337890625 607.5616455078125
572.0241088867188 712.2756958007812
630.8440551757812 514.3164672851562
407.9950256347656 671.58935546875
618.7992553710938 524.0516967773438
528.4486694335938 594.5684814453125
588.2299194335938 47.471683502197266
656.2249145507812 509.782470703125
366.609619140625 705.6049194335938
414.3243713378906 671.47119140625
615.1663208007812 526.4321899414062
552.0061645507812 566.7845458984375
419.47186279296875 115.66642761230469
666.67919921875 505.9933166503906
387.7024230957031 687.7904052734375
372.98712158203125 356.33026123046875
688.4381103515625 495.9136657714844
583.9888305664062 549.5503540039062
497.1253356933594 621.80517578125
517.1124877929688 329.8208923339844
696.1653442382812 493.7147216796875
382.30474853515625 692.1752319335938
271.4167785644531 209.5335693359375
533.0056762695312 380.57391357421875
464.166015625 361.9009704589844
218.68055725097656 434.1263122558594
359.9713439941406 364.1728210449219
564.5647583007812 170.71217346191406
642.6594848632812 578.0327758789062
466.2494812011719 637.979248046875
480.1023864746094 228.46324157714844
767.2637939453125 477.026123046875
101.30109405517578 402.7559814453125
359.9713439941406 364.1728210449219
