18.07763692917479 
25.564874874005582 
28.06245952275615 
27.98687893518634 
23.914718070791356 
29.618387106356565 
32.34417901460984 
60.934101230587295 
69.20901775287493 
82.4017065598948 
80.36421623575707 
85.30770020453195 
91.1194403611261 
87.55817935772886 
90.56175086979583 
87.92795904438142 
93.8031727585449 
92.11388249542915 
93.29448473503447 
93.12867847726926 
93.83374801373287 
93.70678112797978 
94.5699859238168 
94.44506529665536 
93.94306962612335 
94.61547810757854 
93.87972457754769 
93.7733883279334 
93.18282030483618 
93.38384791217617 
93.1926561855061 
93.44841873884536 
92.35890960514277 
94.39946437451435 
94.17801372248691 
93.51801130157517 
94.30877656620707 
92.56082689013128 
93.39426702597122 
93.65907463540393 
